3153 481 321
154 23 3 0
155 23 3 0
200 54 2 1
156 23 3 0
201 54 2 1
157 23 3 0
202 54 2 1
248 85 3 0
158 23 3 0
203 54 2 1
249 85 3 0
159 23 3 0
204 54 2 1
250 85 3 0
160 23 3 0
205 54 2 1
251 85 3 0
161 23 3 0
206 54 2 1
252 85 3 0
162 23 3 0
163 23 3 0
164 23 3 0
165 23 3 0
166 23 3 0
167 23 3 0
168 23 3 0
169 23 3 0
170 23 3 0
171 23 3 0
197 124 2 1
172 23 3 0
198 124 2 1
173 23 3 0
199 124 2 1
174 23 3 0
200 124 2 1
175 23 3 0
201 124 2 1
176 23 3 0
202 124 2 1
177 23 3 0
203 124 2 1
178 23 3 0
179 23 3 0
180 23 3 0
181 23 3 0
182 23 3 0
183 23 3 0
184 23 3 0
185 23 3 0
192 194 2 1
186 23 3 0
193 194 2 1
187 23 3 0
194 194 2 1
188 23 3 0
195 194 2 1
189 23 3 0
196 194 2 1
190 23 3 0
197 194 2 1
191 23 3 0
198 194 2 1
192 23 3 0
199 194 2 1
193 23 3 0
129 62 3 0
194 23 3 0
130 62 3 0
195 23 3 0
131 62 3 0
196 23 3 0
132 62 3 0
197 23 3 0
133 62 3 0
198 23 3 0
134 62 3 0
199 23 3 0
135 62 3 0
245 54 3 0
200 23 3 0
246 54 3 0
201 23 3 0
247 54 3 0
202 23 3 0
248 54 3 0
203 23 3 0
249 54 3 0
204 23 3 0
250 54 3 0
205 23 3 0
251 54 3 0
206 23 3 0
252 54 3 0
207 23 3 0
208 23 3 0
209 23 3 0
210 23 3 0
211 23 3 0
212 23 3 0
213 23 3 0
214 23 3 0
215 23 3 0
216 23 3 0
217 23 3 0
218 23 3 0
219 23 3 0
220 23 3 0
221 23 3 0
222 23 3 0
223 23 3 0
224 23 3 0
205 93 2 1
225 23 3 0
206 93 2 1
226 23 3 0
207 93 2 1
227 23 3 0
208 93 2 1
228 23 3 0
209 93 2 1
229 23 3 0
210 93 2 1
230 23 3 0
211 93 2 1
231 23 3 0
212 93 2 1
232 23 3 0
233 23 3 0
234 23 3 0
235 23 3 0
236 23 3 0
198 163 2 1
237 23 3 0
199 163 2 1
238 23 3 0
200 163 2 1
239 23 3 0
201 163 2 1
240 23 3 0
202 163 2 1
241 23 3 0
203 163 2 1
204 163 2 1
137 31 3 0
138 31 3 0
139 31 3 0
140 31 3 0
141 31 3 0
142 31 3 0
143 31 3 0
144 31 3 0
145 31 3 0
146 31 3 0
200 62 2 1
201 62 2 1
202 62 2 1
203 62 2 1
204 62 2 1
205 62 2 1
206 62 2 1
197 132 2 1
198 132 2 1
199 132 2 1
200 132 2 1
201 132 2 1
202 132 2 1
203 132 2 1
191 202 2 1
192 202 2 1
193 202 2 1
194 202 2 1
195 202 2 1
196 202 2 1
197 202 2 1
129 70 3 0
130 70 3 0
131 70 3 0
132 70 3 0
133 70 3 0
134 70 3 0
135 70 3 0
247 62 3 0
248 62 3 0
249 62 3 0
250 62 3 0
251 62 3 0
252 62 3 0
253 62 3 0
202 101 2 1
203 101 2 1
204 101 2 1
205 101 2 1
206 101 2 1
207 101 2 1
208 101 2 1
198 171 2 1
199 171 2 1
238 31 3 0
200 171 2 1
239 31 3 0
201 171 2 1
240 31 3 0
202 171 2 1
241 31 3 0
132 39 3 0
203 171 2 1
242 31 3 0
133 39 3 0
204 171 2 1
243 31 3 0
134 39 3 0
244 31 3 0
135 39 3 0
136 39 3 0
137 39 3 0
138 39 3 0
139 39 3 0
140 39 3 0
201 70 2 1
202 70 2 1
203 70 2 1
204 70 2 1
205 70 2 1
206 70 2 1
207 70 2 1
197 140 2 1
198 140 2 1
199 140 2 1
200 140 2 1
201 140 2 1
202 140 2 1
203 140 2 1
191 210 2 1
192 210 2 1
193 210 2 1
194 210 2 1
195 210 2 1
196 210 2 1
197 210 2 1
198 210 2 1
199 210 2 1
129 78 3 0
200 210 2 1
130 78 3 0
201 210 2 1
131 78 3 0
202 210 2 1
132 78 3 0
203 210 2 1
133 78 3 0
204 210 2 1
134 78 3 0
135 78 3 0
247 70 3 0
248 70 3 0
249 70 3 0
250 70 3 0
251 70 3 0
252 70 3 0
253 70 3 0
199 109 2 1
200 109 2 1
201 109 2 1
202 109 2 1
203 109 2 1
204 109 2 1
205 109 2 1
196 179 2 1
197 179 2 1
198 179 2 1
199 179 2 1
129 47 3 0
200 179 2 1
130 47 3 0
201 179 2 1
240 39 3 0
131 47 3 0
202 179 2 1
241 39 3 0
132 47 3 0
242 39 3 0
133 47 3 0
243 39 3 0
134 47 3 0
244 39 3 0
135 47 3 0
245 39 3 0
246 39 3 0
202 78 2 1
203 78 2 1
204 78 2 1
205 78 2 1
206 78 2 1
207 78 2 1
208 78 2 1
171 47 2 1
172 47 2 1
198 148 2 1
173 47 2 1
199 148 2 1
174 47 2 1
200 148 2 1
175 47 2 1
201 148 2 1
176 47 2 1
202 148 2 1
177 47 2 1
203 148 2 1
178 47 2 1
204 148 2 1
179 47 2 1
180 47 2 1
181 47 2 1
182 47 2 1
183 47 2 1
184 47 2 1
185 47 2 1
129 86 3 0
130 86 3 0
131 86 3 0
195 47 2 1
132 86 3 0
196 47 2 1
133 86 3 0
197 47 2 1
134 86 3 0
198 47 2 1
135 86 3 0
206 218 2 1
199 47 2 1
207 218 2 1
200 47 2 1
201 47 2 1
247 78 3 0
202 47 2 1
248 78 3 0
203 47 2 1
249 78 3 0
204 47 2 1
250 78 3 0
205 47 2 1
251 78 3 0
252 78 3 0
253 78 3 0
199 117 2 1
200 117 2 1
201 117 2 1
202 117 2 1
203 117 2 1
204 117 2 1
205 117 2 1
194 187 2 1
195 187 2 1
196 187 2 1
197 187 2 1
198 187 2 1
199 187 2 1
129 55 3 0
200 187 2 1
130 55 3 0
131 55 3 0
132 55 3 0
133 55 3 0
243 47 3 0
134 55 3 0
244 47 3 0
135 55 3 0
245 47 3 0
246 47 3 0
247 47 3 0
248 47 3 0
249 47 3 0
203 86 2 1
204 86 2 1
205 86 2 1
206 86 2 1
207 86 2 1
208 86 2 1
209 86 2 1
210 86 2 1
211 86 2 1
212 86 2 1
213 86 2 1
214 86 2 1
215 86 2 1
198 156 2 1
199 156 2 1
200 156 2 1
201 156 2 1
202 156 2 1
203 156 2 1
204 156 2 1
144 24 3 0
145 24 3 0
146 24 3 0
147 24 3 0
148 24 3 0
149 24 3 0
150 24 3 0
151 24 3 0
152 24 3 0
153 24 3 0
154 24 3 0
155 24 3 0
200 55 2 1
156 24 3 0
201 55 2 1
157 24 3 0
202 55 2 1
248 86 3 0
158 24 3 0
203 55 2 1
249 86 3 0
159 24 3 0
204 55 2 1
250 86 3 0
160 24 3 0
205 55 2 1
251 86 3 0
161 24 3 0
206 55 2 1
252 86 3 0
162 24 3 0
163 24 3 0
164 24 3 0
165 24 3 0
166 24 3 0
167 24 3 0
168 24 3 0
169 24 3 0
170 24 3 0
171 24 3 0
197 125 2 1
172 24 3 0
198 125 2 1
173 24 3 0
199 125 2 1
174 24 3 0
200 125 2 1
175 24 3 0
201 125 2 1
176 24 3 0
202 125 2 1
177 24 3 0
203 125 2 1
178 24 3 0
179 24 3 0
180 24 3 0
181 24 3 0
182 24 3 0
183 24 3 0
184 24 3 0
185 24 3 0
192 195 2 1
186 24 3 0
193 195 2 1
187 24 3 0
194 195 2 1
188 24 3 0
195 195 2 1
189 24 3 0
196 195 2 1
190 24 3 0
197 195 2 1
191 24 3 0
198 195 2 1
192 24 3 0
193 24 3 0
129 63 3 0
194 24 3 0
130 63 3 0
195 24 3 0
131 63 3 0
196 24 3 0
132 63 3 0
197 24 3 0
133 63 3 0
198 24 3 0
134 63 3 0
199 24 3 0
135 63 3 0
200 24 3 0
246 55 3 0
201 24 3 0
247 55 3 0
202 24 3 0
248 55 3 0
203 24 3 0
249 55 3 0
204 24 3 0
250 55 3 0
205 24 3 0
251 55 3 0
206 24 3 0
252 55 3 0
207 24 3 0
208 24 3 0
209 24 3 0
210 24 3 0
211 24 3 0
212 24 3 0
213 24 3 0
214 24 3 0
215 24 3 0
216 24 3 0
217 24 3 0
218 24 3 0
219 24 3 0
205 94 2 1
206 94 2 1
207 94 2 1
227 24 3 0
208 94 2 1
228 24 3 0
209 94 2 1
229 24 3 0
210 94 2 1
230 24 3 0
211 94 2 1
231 24 3 0
232 24 3 0
233 24 3 0
234 24 3 0
235 24 3 0
236 24 3 0
198 164 2 1
237 24 3 0
199 164 2 1
238 24 3 0
200 164 2 1
239 24 3 0
201 164 2 1
240 24 3 0
202 164 2 1
241 24 3 0
203 164 2 1
242 24 3 0
204 164 2 1
243 24 3 0
137 32 3 0
138 32 3 0
139 32 3 0
140 32 3 0
141 32 3 0
142 32 3 0
143 32 3 0
144 32 3 0
145 32 3 0
200 63 2 1
201 63 2 1
202 63 2 1
203 63 2 1
204 63 2 1
205 63 2 1
206 63 2 1
197 133 2 1
198 133 2 1
199 133 2 1
200 133 2 1
201 133 2 1
202 133 2 1
203 133 2 1
191 203 2 1
192 203 2 1
193 203 2 1
194 203 2 1
195 203 2 1
196 203 2 1
197 203 2 1
129 71 3 0
130 71 3 0
131 71 3 0
132 71 3 0
133 71 3 0
134 71 3 0
135 71 3 0
247 63 3 0
248 63 3 0
249 63 3 0
250 63 3 0
251 63 3 0
252 63 3 0
253 63 3 0
201 102 2 1
202 102 2 1
203 102 2 1
204 102 2 1
205 102 2 1
206 102 2 1
207 102 2 1
208 102 2 1
198 172 2 1
199 172 2 1
238 32 3 0
200 172 2 1
239 32 3 0
201 172 2 1
240 32 3 0
202 172 2 1
241 32 3 0
132 40 3 0
203 172 2 1
242 32 3 0
133 40 3 0
204 172 2 1
243 32 3 0
134 40 3 0
244 32 3 0
135 40 3 0
136 40 3 0
137 40 3 0
138 40 3 0
139 40 3 0
140 40 3 0
201 71 2 1
202 71 2 1
203 71 2 1
204 71 2 1
205 71 2 1
206 71 2 1
207 71 2 1
198 141 2 1
199 141 2 1
200 141 2 1
201 141 2 1
202 141 2 1
203 141 2 1
204 141 2 1
192 211 2 1
185 40 2 1
193 211 2 1
186 40 2 1
194 211 2 1
187 40 2 1
195 211 2 1
188 40 2 1
196 211 2 1
189 40 2 1
197 211 2 1
190 40 2 1
198 211 2 1
191 40 2 1
199 211 2 1
192 40 2 1
129 79 3 0
200 211 2 1
193 40 2 1
130 79 3 0
201 211 2 1
194 40 2 1
131 79 3 0
202 211 2 1
132 79 3 0
203 211 2 1
133 79 3 0
204 211 2 1
134 79 3 0
205 211 2 1
135 79 3 0
206 211 2 1
247 71 3 0
248 71 3 0
249 71 3 0
250 71 3 0
251 71 3 0
252 71 3 0
253 71 3 0
199 110 2 1
200 110 2 1
201 110 2 1
202 110 2 1
203 110 2 1
204 110 2 1
205 110 2 1
195 180 2 1
196 180 2 1
197 180 2 1
198 180 2 1
199 180 2 1
129 48 3 0
200 180 2 1
130 48 3 0
201 180 2 1
240 40 3 0
131 48 3 0
202 180 2 1
241 40 3 0
132 48 3 0
242 40 3 0
133 48 3 0
243 40 3 0
134 48 3 0
244 40 3 0
135 48 3 0
245 40 3 0
246 40 3 0
202 79 2 1
203 79 2 1
204 79 2 1
205 79 2 1
206 79 2 1
207 79 2 1
208 79 2 1
171 48 2 1
172 48 2 1
198 149 2 1
173 48 2 1
199 149 2 1
174 48 2 1
200 149 2 1
175 48 2 1
201 149 2 1
176 48 2 1
202 149 2 1
177 48 2 1
203 149 2 1
204 149 2 1
129 87 3 0
130 87 3 0
131 87 3 0
132 87 3 0
197 48 2 1
133 87 3 0
198 48 2 1
134 87 3 0
199 48 2 1
135 87 3 0
200 48 2 1
201 48 2 1
247 79 3 0
202 48 2 1
248 79 3 0
203 48 2 1
249 79 3 0
204 48 2 1
250 79 3 0
205 48 2 1
251 79 3 0
206 48 2 1
252 79 3 0
253 79 3 0
199 118 2 1
200 118 2 1
201 118 2 1
202 118 2 1
203 118 2 1
204 118 2 1
205 118 2 1
194 188 2 1
195 188 2 1
196 188 2 1
197 188 2 1
198 188 2 1
199 188 2 1
129 56 3 0
200 188 2 1
130 56 3 0
131 56 3 0
132 56 3 0
133 56 3 0
243 48 3 0
134 56 3 0
244 48 3 0
135 56 3 0
245 48 3 0
246 48 3 0
247 48 3 0
248 48 3 0
249 48 3 0
219 17 3 0
220 17 3 0
221 17 3 0
222 17 3 0
203 87 2 1
223 17 3 0
204 87 2 1
224 17 3 0
205 87 2 1
225 17 3 0
206 87 2 1
226 17 3 0
207 87 2 1
208 87 2 1
209 87 2 1
210 87 2 1
211 87 2 1
212 87 2 1
213 87 2 1
214 87 2 1
215 87 2 1
198 157 2 1
199 157 2 1
200 157 2 1
201 157 2 1
202 157 2 1
203 157 2 1
204 157 2 1
144 25 3 0
145 25 3 0
146 25 3 0
147 25 3 0
148 25 3 0
149 25 3 0
150 25 3 0
151 25 3 0
152 25 3 0
153 25 3 0
154 25 3 0
155 25 3 0
200 56 2 1
156 25 3 0
201 56 2 1
157 25 3 0
202 56 2 1
158 25 3 0
203 56 2 1
159 25 3 0
204 56 2 1
250 87 3 0
160 25 3 0
205 56 2 1
161 25 3 0
206 56 2 1
162 25 3 0
163 25 3 0
164 25 3 0
165 25 3 0
166 25 3 0
167 25 3 0
168 25 3 0
169 25 3 0
170 25 3 0
171 25 3 0
197 126 2 1
172 25 3 0
198 126 2 1
173 25 3 0
199 126 2 1
174 25 3 0
200 126 2 1
175 25 3 0
201 126 2 1
176 25 3 0
202 126 2 1
177 25 3 0
203 126 2 1
178 25 3 0
179 25 3 0
180 25 3 0
181 25 3 0
182 25 3 0
183 25 3 0
184 25 3 0
185 25 3 0
192 196 2 1
186 25 3 0
193 196 2 1
187 25 3 0
194 196 2 1
188 25 3 0
195 196 2 1
189 25 3 0
196 196 2 1
190 25 3 0
197 196 2 1
191 25 3 0
198 196 2 1
192 25 3 0
193 25 3 0
129 64 3 0
194 25 3 0
130 64 3 0
195 25 3 0
131 64 3 0
196 25 3 0
132 64 3 0
197 25 3 0
133 64 3 0
198 25 3 0
134 64 3 0
199 25 3 0
135 64 3 0
200 25 3 0
246 56 3 0
201 25 3 0
247 56 3 0
202 25 3 0
248 56 3 0
203 25 3 0
249 56 3 0
204 25 3 0
250 56 3 0
205 25 3 0
251 56 3 0
206 25 3 0
252 56 3 0
207 25 3 0
208 25 3 0
209 25 3 0
210 25 3 0
211 25 3 0
212 25 3 0
213 25 3 0
214 25 3 0
215 25 3 0
204 95 2 1
205 95 2 1
206 95 2 1
207 95 2 1
208 95 2 1
209 95 2 1
229 25 3 0
210 95 2 1
230 25 3 0
211 95 2 1
231 25 3 0
232 25 3 0
233 25 3 0
234 25 3 0
235 25 3 0
236 25 3 0
198 165 2 1
237 25 3 0
199 165 2 1
238 25 3 0
200 165 2 1
239 25 3 0
201 165 2 1
240 25 3 0
202 165 2 1
241 25 3 0
203 165 2 1
242 25 3 0
204 165 2 1
243 25 3 0
136 33 3 0
137 33 3 0
138 33 3 0
139 33 3 0
140 33 3 0
141 33 3 0
142 33 3 0
143 33 3 0
200 64 2 1
201 64 2 1
202 64 2 1
203 64 2 1
204 64 2 1
205 64 2 1
206 64 2 1
197 134 2 1
198 134 2 1
199 134 2 1
200 134 2 1
201 134 2 1
202 134 2 1
203 134 2 1
191 204 2 1
192 204 2 1
193 204 2 1
194 204 2 1
195 204 2 1
196 204 2 1
197 204 2 1
129 72 3 0
130 72 3 0
131 72 3 0
132 72 3 0
133 72 3 0
134 72 3 0
135 72 3 0
247 64 3 0
248 64 3 0
249 64 3 0
250 64 3 0
251 64 3 0
252 64 3 0
253 64 3 0
201 103 2 1
202 103 2 1
203 103 2 1
204 103 2 1
205 103 2 1
206 103 2 1
207 103 2 1
198 173 2 1
199 173 2 1
200 173 2 1
239 33 3 0
201 173 2 1
240 33 3 0
131 41 3 0
202 173 2 1
241 33 3 0
132 41 3 0
203 173 2 1
242 33 3 0
133 41 3 0
204 173 2 1
243 33 3 0
134 41 3 0
244 33 3 0
135 41 3 0
245 33 3 0
136 41 3 0
137 41 3 0
138 41 3 0
139 41 3 0
201 72 2 1
202 72 2 1
203 72 2 1
204 72 2 1
205 72 2 1
206 72 2 1
207 72 2 1
198 142 2 1
199 142 2 1
200 142 2 1
201 142 2 1
202 142 2 1
177 41 2 1
203 142 2 1
178 41 2 1
204 142 2 1
179 41 2 1
180 41 2 1
181 41 2 1
182 41 2 1
183 41 2 1
184 41 2 1
192 212 2 1
185 41 2 1
193 212 2 1
186 41 2 1
194 212 2 1
187 41 2 1
195 212 2 1
188 41 2 1
196 212 2 1
189 41 2 1
197 212 2 1
190 41 2 1
198 212 2 1
191 41 2 1
199 212 2 1
192 41 2 1
200 212 2 1
193 41 2 1
129 80 3 0
201 212 2 1
194 41 2 1
130 80 3 0
202 212 2 1
195 41 2 1
131 80 3 0
203 212 2 1
196 41 2 1
132 80 3 0
204 212 2 1
133 80 3 0
205 212 2 1
134 80 3 0
206 212 2 1
135 80 3 0
207 212 2 1
208 212 2 1
247 72 3 0
248 72 3 0
249 72 3 0
250 72 3 0
251 72 3 0
252 72 3 0
253 72 3 0
199 111 2 1
200 111 2 1
201 111 2 1
202 111 2 1
203 111 2 1
204 111 2 1
205 111 2 1
195 181 2 1
196 181 2 1
197 181 2 1
198 181 2 1
199 181 2 1
129 49 3 0
200 181 2 1
130 49 3 0
201 181 2 1
240 41 3 0
131 49 3 0
241 41 3 0
132 49 3 0
242 41 3 0
133 49 3 0
243 41 3 0
134 49 3 0
244 41 3 0
135 49 3 0
245 41 3 0
246 41 3 0
202 80 2 1
203 80 2 1
204 80 2 1
205 80 2 1
206 80 2 1
207 80 2 1
208 80 2 1
198 150 2 1
173 49 2 1
199 150 2 1
200 150 2 1
201 150 2 1
202 150 2 1
203 150 2 1
204 150 2 1
129 88 3 0
130 88 3 0
131 88 3 0
132 88 3 0
133 88 3 0
134 88 3 0
135 88 3 0
200 49 2 1
201 49 2 1
247 80 3 0
202 49 2 1
248 80 3 0
203 49 2 1
249 80 3 0
204 49 2 1
250 80 3 0
205 49 2 1
251 80 3 0
206 49 2 1
252 80 3 0
253 80 3 0
199 119 2 1
200 119 2 1
201 119 2 1
202 119 2 1
203 119 2 1
204 119 2 1
205 119 2 1
194 189 2 1
195 189 2 1
196 189 2 1
197 189 2 1
198 189 2 1
199 189 2 1
129 57 3 0
200 189 2 1
130 57 3 0
131 57 3 0
132 57 3 0
133 57 3 0
243 49 3 0
134 57 3 0
244 49 3 0
135 57 3 0
245 49 3 0
246 49 3 0
247 49 3 0
248 49 3 0
249 49 3 0
215 18 3 0
216 18 3 0
217 18 3 0
218 18 3 0
219 18 3 0
220 18 3 0
221 18 3 0
222 18 3 0
203 88 2 1
223 18 3 0
204 88 2 1
224 18 3 0
205 88 2 1
225 18 3 0
206 88 2 1
226 18 3 0
207 88 2 1
227 18 3 0
208 88 2 1
228 18 3 0
209 88 2 1
229 18 3 0
210 88 2 1
211 88 2 1
212 88 2 1
213 88 2 1
214 88 2 1
215 88 2 1
198 158 2 1
199 158 2 1
200 158 2 1
201 158 2 1
202 158 2 1
203 158 2 1
204 158 2 1
142 26 3 0
143 26 3 0
144 26 3 0
145 26 3 0
146 26 3 0
147 26 3 0
148 26 3 0
149 26 3 0
150 26 3 0
151 26 3 0
152 26 3 0
153 26 3 0
154 26 3 0
155 26 3 0
200 57 2 1
156 26 3 0
201 57 2 1
157 26 3 0
202 57 2 1
158 26 3 0
203 57 2 1
159 26 3 0
204 57 2 1
160 26 3 0
205 57 2 1
161 26 3 0
206 57 2 1
162 26 3 0
163 26 3 0
164 26 3 0
165 26 3 0
166 26 3 0
167 26 3 0
168 26 3 0
169 26 3 0
170 26 3 0
171 26 3 0
197 127 2 1
172 26 3 0
198 127 2 1
173 26 3 0
199 127 2 1
174 26 3 0
200 127 2 1
175 26 3 0
201 127 2 1
176 26 3 0
202 127 2 1
177 26 3 0
203 127 2 1
178 26 3 0
179 26 3 0
180 26 3 0
181 26 3 0
182 26 3 0
183 26 3 0
184 26 3 0
191 197 2 1
185 26 3 0
192 197 2 1
186 26 3 0
193 197 2 1
187 26 3 0
194 197 2 1
188 26 3 0
195 197 2 1
189 26 3 0
196 197 2 1
190 26 3 0
197 197 2 1
191 26 3 0
198 197 2 1
192 26 3 0
193 26 3 0
129 65 3 0
194 26 3 0
130 65 3 0
195 26 3 0
131 65 3 0
196 26 3 0
132 65 3 0
197 26 3 0
133 65 3 0
198 26 3 0
134 65 3 0
199 26 3 0
135 65 3 0
200 26 3 0
246 57 3 0
201 26 3 0
247 57 3 0
202 26 3 0
248 57 3 0
203 26 3 0
249 57 3 0
204 26 3 0
250 57 3 0
205 26 3 0
251 57 3 0
206 26 3 0
252 57 3 0
207 26 3 0
208 26 3 0
209 26 3 0
203 96 2 1
204 96 2 1
205 96 2 1
206 96 2 1
207 96 2 1
208 96 2 1
209 96 2 1
210 96 2 1
233 26 3 0
234 26 3 0
235 26 3 0
236 26 3 0
198 166 2 1
237 26 3 0
199 166 2 1
238 26 3 0
200 166 2 1
239 26 3 0
201 166 2 1
240 26 3 0
202 166 2 1
241 26 3 0
203 166 2 1
242 26 3 0
204 166 2 1
243 26 3 0
244 26 3 0
136 34 3 0
137 34 3 0
138 34 3 0
139 34 3 0
140 34 3 0
141 34 3 0
142 34 3 0
143 34 3 0
200 65 2 1
201 65 2 1
202 65 2 1
203 65 2 1
204 65 2 1
205 65 2 1
206 65 2 1
197 135 2 1
198 135 2 1
199 135 2 1
200 135 2 1
201 135 2 1
202 135 2 1
203 135 2 1
191 205 2 1
192 205 2 1
193 205 2 1
194 205 2 1
195 205 2 1
196 205 2 1
197 205 2 1
129 73 3 0
130 73 3 0
131 73 3 0
132 73 3 0
133 73 3 0
134 73 3 0
135 73 3 0
247 65 3 0
248 65 3 0
249 65 3 0
250 65 3 0
251 65 3 0
252 65 3 0
253 65 3 0
201 104 2 1
202 104 2 1
203 104 2 1
204 104 2 1
205 104 2 1
206 104 2 1
207 104 2 1
198 174 2 1
199 174 2 1
200 174 2 1
239 34 3 0
201 174 2 1
240 34 3 0
131 42 3 0
202 174 2 1
241 34 3 0
132 42 3 0
203 174 2 1
242 34 3 0
133 42 3 0
204 174 2 1
243 34 3 0
134 42 3 0
244 34 3 0
135 42 3 0
245 34 3 0
136 42 3 0
137 42 3 0
138 42 3 0
139 42 3 0
201 73 2 1
202 73 2 1
203 73 2 1
204 73 2 1
205 73 2 1
206 73 2 1
207 73 2 1
198 143 2 1
173 42 2 1
199 143 2 1
174 42 2 1
200 143 2 1
175 42 2 1
201 143 2 1
176 42 2 1
202 143 2 1
177 42 2 1
203 143 2 1
178 42 2 1
204 143 2 1
179 42 2 1
180 42 2 1
181 42 2 1
182 42 2 1
183 42 2 1
184 42 2 1
185 42 2 1
186 42 2 1
194 213 2 1
187 42 2 1
195 213 2 1
188 42 2 1
196 213 2 1
189 42 2 1
197 213 2 1
190 42 2 1
198 213 2 1
191 42 2 1
199 213 2 1
192 42 2 1
200 213 2 1
193 42 2 1
129 81 3 0
201 213 2 1
194 42 2 1
130 81 3 0
202 213 2 1
195 42 2 1
131 81 3 0
203 213 2 1
196 42 2 1
132 81 3 0
204 213 2 1
197 42 2 1
133 81 3 0
205 213 2 1
198 42 2 1
134 81 3 0
206 213 2 1
199 42 2 1
135 81 3 0
207 213 2 1
200 42 2 1
208 213 2 1
201 42 2 1
247 73 3 0
209 213 2 1
248 73 3 0
249 73 3 0
250 73 3 0
251 73 3 0
252 73 3 0
253 73 3 0
199 112 2 1
200 112 2 1
201 112 2 1
202 112 2 1
203 112 2 1
204 112 2 1
205 112 2 1
195 182 2 1
196 182 2 1
197 182 2 1
198 182 2 1
199 182 2 1
129 50 3 0
200 182 2 1
130 50 3 0
201 182 2 1
240 42 3 0
131 50 3 0
241 42 3 0
132 50 3 0
242 42 3 0
133 50 3 0
243 42 3 0
134 50 3 0
244 42 3 0
135 50 3 0
245 42 3 0
246 42 3 0
202 81 2 1
203 81 2 1
204 81 2 1
205 81 2 1
206 81 2 1
207 81 2 1
208 81 2 1
212 81 2 1
198 151 2 1
199 151 2 1
200 151 2 1
201 151 2 1
202 151 2 1
203 151 2 1
204 151 2 1
129 89 3 0
130 89 3 0
131 89 3 0
132 89 3 0
133 89 3 0
134 89 3 0
135 89 3 0
200 50 2 1
201 50 2 1
247 81 3 0
202 50 2 1
248 81 3 0
203 50 2 1
249 81 3 0
204 50 2 1
250 81 3 0
205 50 2 1
251 81 3 0
206 50 2 1
252 81 3 0
253 81 3 0
198 120 2 1
199 120 2 1
200 120 2 1
201 120 2 1
202 120 2 1
203 120 2 1
204 120 2 1
205 120 2 1
193 190 2 1
194 190 2 1
195 190 2 1
196 190 2 1
197 190 2 1
198 190 2 1
199 190 2 1
129 58 3 0
200 190 2 1
130 58 3 0
131 58 3 0
132 58 3 0
133 58 3 0
134 58 3 0
244 50 3 0
135 58 3 0
245 50 3 0
246 50 3 0
247 50 3 0
248 50 3 0
249 50 3 0
250 50 3 0
209 19 3 0
210 19 3 0
211 19 3 0
212 19 3 0
213 19 3 0
214 19 3 0
215 19 3 0
216 19 3 0
217 19 3 0
218 19 3 0
219 19 3 0
220 19 3 0
221 19 3 0
222 19 3 0
203 89 2 1
223 19 3 0
204 89 2 1
224 19 3 0
205 89 2 1
225 19 3 0
206 89 2 1
226 19 3 0
207 89 2 1
227 19 3 0
208 89 2 1
228 19 3 0
209 89 2 1
229 19 3 0
210 89 2 1
230 19 3 0
211 89 2 1
231 19 3 0
212 89 2 1
232 19 3 0
213 89 2 1
233 19 3 0
214 89 2 1
198 159 2 1
199 159 2 1
200 159 2 1
201 159 2 1
202 159 2 1
203 159 2 1
204 159 2 1
141 27 3 0
142 27 3 0
143 27 3 0
144 27 3 0
145 27 3 0
146 27 3 0
147 27 3 0
148 27 3 0
149 27 3 0
150 27 3 0
151 27 3 0
152 27 3 0
153 27 3 0
154 27 3 0
155 27 3 0
200 58 2 1
156 27 3 0
201 58 2 1
157 27 3 0
202 58 2 1
158 27 3 0
203 58 2 1
159 27 3 0
204 58 2 1
160 27 3 0
205 58 2 1
161 27 3 0
206 58 2 1
162 27 3 0
163 27 3 0
164 27 3 0
165 27 3 0
166 27 3 0
167 27 3 0
168 27 3 0
169 27 3 0
170 27 3 0
171 27 3 0
197 128 2 1
172 27 3 0
198 128 2 1
173 27 3 0
199 128 2 1
174 27 3 0
200 128 2 1
175 27 3 0
201 128 2 1
176 27 3 0
202 128 2 1
177 27 3 0
203 128 2 1
178 27 3 0
179 27 3 0
180 27 3 0
181 27 3 0
182 27 3 0
183 27 3 0
184 27 3 0
191 198 2 1
185 27 3 0
192 198 2 1
186 27 3 0
193 198 2 1
187 27 3 0
194 198 2 1
188 27 3 0
195 198 2 1
189 27 3 0
196 198 2 1
190 27 3 0
197 198 2 1
191 27 3 0
192 27 3 0
193 27 3 0
129 66 3 0
194 27 3 0
130 66 3 0
195 27 3 0
131 66 3 0
196 27 3 0
132 66 3 0
197 27 3 0
133 66 3 0
198 27 3 0
134 66 3 0
199 27 3 0
135 66 3 0
200 27 3 0
246 58 3 0
201 27 3 0
247 58 3 0
202 27 3 0
248 58 3 0
203 27 3 0
249 58 3 0
204 27 3 0
250 58 3 0
251 58 3 0
252 58 3 0
203 97 2 1
204 97 2 1
205 97 2 1
206 97 2 1
207 97 2 1
208 97 2 1
209 97 2 1
210 97 2 1
235 27 3 0
236 27 3 0
198 167 2 1
237 27 3 0
199 167 2 1
238 27 3 0
200 167 2 1
239 27 3 0
201 167 2 1
240 27 3 0
202 167 2 1
241 27 3 0
203 167 2 1
242 27 3 0
204 167 2 1
243 27 3 0
244 27 3 0
136 35 3 0
137 35 3 0
138 35 3 0
139 35 3 0
140 35 3 0
141 35 3 0
142 35 3 0
200 66 2 1
201 66 2 1
202 66 2 1
203 66 2 1
204 66 2 1
205 66 2 1
206 66 2 1
197 136 2 1
198 136 2 1
199 136 2 1
200 136 2 1
201 136 2 1
202 136 2 1
203 136 2 1
191 206 2 1
192 206 2 1
193 206 2 1
194 206 2 1
195 206 2 1
196 206 2 1
197 206 2 1
129 74 3 0
130 74 3 0
131 74 3 0
132 74 3 0
133 74 3 0
134 74 3 0
135 74 3 0
247 66 3 0
248 66 3 0
249 66 3 0
250 66 3 0
251 66 3 0
252 66 3 0
253 66 3 0
200 105 2 1
201 105 2 1
202 105 2 1
203 105 2 1
204 105 2 1
205 105 2 1
206 105 2 1
207 105 2 1
197 175 2 1
198 175 2 1
199 175 2 1
200 175 2 1
239 35 3 0
201 175 2 1
240 35 3 0
131 43 3 0
202 175 2 1
241 35 3 0
132 43 3 0
203 175 2 1
242 35 3 0
133 43 3 0
204 175 2 1
243 35 3 0
134 43 3 0
244 35 3 0
135 43 3 0
245 35 3 0
136 43 3 0
137 43 3 0
201 74 2 1
202 74 2 1
203 74 2 1
204 74 2 1
205 74 2 1
206 74 2 1
207 74 2 1
171 43 2 1
172 43 2 1
198 144 2 1
173 43 2 1
199 144 2 1
174 43 2 1
200 144 2 1
175 43 2 1
201 144 2 1
176 43 2 1
202 144 2 1
177 43 2 1
203 144 2 1
178 43 2 1
204 144 2 1
179 43 2 1
180 43 2 1
181 43 2 1
182 43 2 1
183 43 2 1
184 43 2 1
185 43 2 1
186 43 2 1
187 43 2 1
188 43 2 1
189 43 2 1
196 214 2 1
190 43 2 1
197 214 2 1
191 43 2 1
198 214 2 1
192 43 2 1
199 214 2 1
193 43 2 1
129 82 3 0
200 214 2 1
194 43 2 1
130 82 3 0
201 214 2 1
195 43 2 1
131 82 3 0
202 214 2 1
196 43 2 1
132 82 3 0
203 214 2 1
197 43 2 1
133 82 3 0
204 214 2 1
198 43 2 1
134 82 3 0
205 214 2 1
199 43 2 1
135 82 3 0
206 214 2 1
200 43 2 1
207 214 2 1
201 43 2 1
208 214 2 1
247 74 3 0
202 43 2 1
209 214 2 1
248 74 3 0
203 43 2 1
249 74 3 0
250 74 3 0
251 74 3 0
252 74 3 0
253 74 3 0
199 113 2 1
200 113 2 1
201 113 2 1
202 113 2 1
203 113 2 1
204 113 2 1
205 113 2 1
195 183 2 1
196 183 2 1
197 183 2 1
198 183 2 1
199 183 2 1
129 51 3 0
200 183 2 1
130 51 3 0
201 183 2 1
240 43 3 0
131 51 3 0
241 43 3 0
132 51 3 0
242 43 3 0
133 51 3 0
243 43 3 0
134 51 3 0
244 43 3 0
135 51 3 0
245 43 3 0
246 43 3 0
247 43 3 0
202 82 2 1
203 82 2 1
204 82 2 1
205 82 2 1
206 82 2 1
207 82 2 1
208 82 2 1
210 82 2 1
211 82 2 1
212 82 2 1
213 82 2 1
214 82 2 1
198 152 2 1
199 152 2 1
200 152 2 1
201 152 2 1
202 152 2 1
203 152 2 1
204 152 2 1
129 90 3 0
130 90 3 0
131 90 3 0
132 90 3 0
133 90 3 0
134 90 3 0
135 90 3 0
136 90 3 0
200 51 2 1
201 51 2 1
247 82 3 0
202 51 2 1
248 82 3 0
203 51 2 1
249 82 3 0
204 51 2 1
250 82 3 0
205 51 2 1
251 82 3 0
206 51 2 1
252 82 3 0
253 82 3 0
198 121 2 1
199 121 2 1
200 121 2 1
201 121 2 1
202 121 2 1
203 121 2 1
204 121 2 1
193 191 2 1
194 191 2 1
195 191 2 1
196 191 2 1
197 191 2 1
198 191 2 1
199 191 2 1
129 59 3 0
130 59 3 0
131 59 3 0
132 59 3 0
133 59 3 0
134 59 3 0
244 51 3 0
135 59 3 0
245 51 3 0
246 51 3 0
247 51 3 0
248 51 3 0
249 51 3 0
204 20 3 0
250 51 3 0
205 20 3 0
206 20 3 0
207 20 3 0
208 20 3 0
209 20 3 0
210 20 3 0
211 20 3 0
212 20 3 0
213 20 3 0
214 20 3 0
215 20 3 0
216 20 3 0
217 20 3 0
218 20 3 0
219 20 3 0
220 20 3 0
221 20 3 0
222 20 3 0
203 90 2 1
223 20 3 0
204 90 2 1
224 20 3 0
205 90 2 1
225 20 3 0
206 90 2 1
226 20 3 0
207 90 2 1
227 20 3 0
208 90 2 1
228 20 3 0
209 90 2 1
229 20 3 0
210 90 2 1
230 20 3 0
211 90 2 1
231 20 3 0
212 90 2 1
232 20 3 0
213 90 2 1
233 20 3 0
214 90 2 1
234 20 3 0
235 20 3 0
198 160 2 1
199 160 2 1
200 160 2 1
201 160 2 1
202 160 2 1
203 160 2 1
204 160 2 1
139 28 3 0
140 28 3 0
141 28 3 0
142 28 3 0
143 28 3 0
144 28 3 0
145 28 3 0
146 28 3 0
147 28 3 0
148 28 3 0
149 28 3 0
150 28 3 0
151 28 3 0
200 59 2 1
201 59 2 1
202 59 2 1
203 59 2 1
204 59 2 1
205 59 2 1
206 59 2 1
163 28 3 0
164 28 3 0
165 28 3 0
166 28 3 0
167 28 3 0
168 28 3 0
169 28 3 0
170 28 3 0
171 28 3 0
197 129 2 1
172 28 3 0
198 129 2 1
173 28 3 0
199 129 2 1
174 28 3 0
200 129 2 1
175 28 3 0
201 129 2 1
176 28 3 0
202 129 2 1
177 28 3 0
203 129 2 1
178 28 3 0
179 28 3 0
180 28 3 0
181 28 3 0
182 28 3 0
183 28 3 0
184 28 3 0
191 199 2 1
185 28 3 0
192 199 2 1
186 28 3 0
193 199 2 1
187 28 3 0
194 199 2 1
188 28 3 0
195 199 2 1
189 28 3 0
196 199 2 1
190 28 3 0
197 199 2 1
191 28 3 0
192 28 3 0
193 28 3 0
129 67 3 0
194 28 3 0
130 67 3 0
195 28 3 0
131 67 3 0
196 28 3 0
132 67 3 0
197 28 3 0
133 67 3 0
198 28 3 0
134 67 3 0
199 28 3 0
135 67 3 0
246 59 3 0
247 59 3 0
248 59 3 0
249 59 3 0
250 59 3 0
251 59 3 0
252 59 3 0
202 98 2 1
203 98 2 1
204 98 2 1
205 98 2 1
206 98 2 1
207 98 2 1
208 98 2 1
209 98 2 1
210 98 2 1
198 168 2 1
237 28 3 0
199 168 2 1
238 28 3 0
200 168 2 1
239 28 3 0
201 168 2 1
240 28 3 0
202 168 2 1
241 28 3 0
203 168 2 1
242 28 3 0
204 168 2 1
243 28 3 0
244 28 3 0
135 36 3 0
136 36 3 0
137 36 3 0
138 36 3 0
139 36 3 0
140 36 3 0
141 36 3 0
142 36 3 0
201 67 2 1
202 67 2 1
203 67 2 1
204 67 2 1
205 67 2 1
206 67 2 1
207 67 2 1
197 137 2 1
198 137 2 1
199 137 2 1
200 137 2 1
201 137 2 1
202 137 2 1
203 137 2 1
191 207 2 1
192 207 2 1
193 207 2 1
194 207 2 1
195 207 2 1
196 207 2 1
197 207 2 1
129 75 3 0
130 75 3 0
131 75 3 0
132 75 3 0
133 75 3 0
134 75 3 0
135 75 3 0
247 67 3 0
248 67 3 0
249 67 3 0
250 67 3 0
251 67 3 0
252 67 3 0
253 67 3 0
200 106 2 1
201 106 2 1
202 106 2 1
203 106 2 1
204 106 2 1
205 106 2 1
206 106 2 1
197 176 2 1
198 176 2 1
199 176 2 1
200 176 2 1
130 44 3 0
201 176 2 1
240 36 3 0
131 44 3 0
202 176 2 1
241 36 3 0
132 44 3 0
203 176 2 1
242 36 3 0
133 44 3 0
243 36 3 0
134 44 3 0
244 36 3 0
135 44 3 0
245 36 3 0
136 44 3 0
246 36 3 0
137 44 3 0
201 75 2 1
202 75 2 1
203 75 2 1
204 75 2 1
205 75 2 1
206 75 2 1
207 75 2 1
171 44 2 1
172 44 2 1
198 145 2 1
173 44 2 1
199 145 2 1
174 44 2 1
200 145 2 1
175 44 2 1
201 145 2 1
176 44 2 1
202 145 2 1
177 44 2 1
203 145 2 1
178 44 2 1
204 145 2 1
179 44 2 1
180 44 2 1
181 44 2 1
182 44 2 1
183 44 2 1
184 44 2 1
185 44 2 1
186 44 2 1
187 44 2 1
188 44 2 1
189 44 2 1
190 44 2 1
198 215 2 1
191 44 2 1
199 215 2 1
192 44 2 1
200 215 2 1
193 44 2 1
129 83 3 0
201 215 2 1
194 44 2 1
130 83 3 0
202 215 2 1
195 44 2 1
131 83 3 0
203 215 2 1
196 44 2 1
132 83 3 0
204 215 2 1
197 44 2 1
133 83 3 0
205 215 2 1
198 44 2 1
134 83 3 0
206 215 2 1
199 44 2 1
135 83 3 0
207 215 2 1
200 44 2 1
208 215 2 1
201 44 2 1
247 75 3 0
209 215 2 1
202 44 2 1
248 75 3 0
210 215 2 1
203 44 2 1
249 75 3 0
204 44 2 1
250 75 3 0
251 75 3 0
252 75 3 0
253 75 3 0
199 114 2 1
200 114 2 1
201 114 2 1
202 114 2 1
203 114 2 1
204 114 2 1
205 114 2 1
195 184 2 1
196 184 2 1
197 184 2 1
198 184 2 1
199 184 2 1
129 52 3 0
200 184 2 1
130 52 3 0
201 184 2 1
240 44 3 0
131 52 3 0
241 44 3 0
132 52 3 0
242 44 3 0
133 52 3 0
243 44 3 0
134 52 3 0
244 44 3 0
135 52 3 0
245 44 3 0
246 44 3 0
247 44 3 0
202 83 2 1
203 83 2 1
204 83 2 1
205 83 2 1
206 83 2 1
207 83 2 1
208 83 2 1
209 83 2 1
210 83 2 1
211 83 2 1
212 83 2 1
213 83 2 1
214 83 2 1
198 153 2 1
199 153 2 1
200 153 2 1
201 153 2 1
202 153 2 1
203 153 2 1
204 153 2 1
130 91 3 0
131 91 3 0
151 21 3 0
132 91 3 0
152 21 3 0
133 91 3 0
153 21 3 0
134 91 3 0
154 21 3 0
135 91 3 0
155 21 3 0
200 52 2 1
156 21 3 0
201 52 2 1
247 83 3 0
157 21 3 0
202 52 2 1
248 83 3 0
158 21 3 0
203 52 2 1
249 83 3 0
159 21 3 0
204 52 2 1
250 83 3 0
160 21 3 0
205 52 2 1
251 83 3 0
161 21 3 0
206 52 2 1
252 83 3 0
162 21 3 0
253 83 3 0
198 122 2 1
199 122 2 1
200 122 2 1
201 122 2 1
202 122 2 1
203 122 2 1
204 122 2 1
193 192 2 1
194 192 2 1
195 192 2 1
196 192 2 1
197 192 2 1
198 192 2 1
199 192 2 1
129 60 3 0
130 60 3 0
131 60 3 0
132 60 3 0
133 60 3 0
134 60 3 0
244 52 3 0
199 21 3 0
135 60 3 0
245 52 3 0
200 21 3 0
246 52 3 0
201 21 3 0
247 52 3 0
202 21 3 0
248 52 3 0
203 21 3 0
249 52 3 0
204 21 3 0
250 52 3 0
205 21 3 0
251 52 3 0
206 21 3 0
207 21 3 0
208 21 3 0
209 21 3 0
210 21 3 0
211 21 3 0
212 21 3 0
213 21 3 0
214 21 3 0
215 21 3 0
216 21 3 0
217 21 3 0
218 21 3 0
219 21 3 0
220 21 3 0
221 21 3 0
222 21 3 0
223 21 3 0
204 91 2 1
224 21 3 0
205 91 2 1
225 21 3 0
206 91 2 1
226 21 3 0
207 91 2 1
227 21 3 0
208 91 2 1
228 21 3 0
209 91 2 1
229 21 3 0
210 91 2 1
230 21 3 0
211 91 2 1
231 21 3 0
212 91 2 1
232 21 3 0
213 91 2 1
233 21 3 0
234 21 3 0
235 21 3 0
236 21 3 0
198 161 2 1
237 21 3 0
199 161 2 1
200 161 2 1
201 161 2 1
202 161 2 1
203 161 2 1
204 161 2 1
139 29 3 0
140 29 3 0
141 29 3 0
142 29 3 0
143 29 3 0
144 29 3 0
145 29 3 0
146 29 3 0
147 29 3 0
148 29 3 0
149 29 3 0
200 60 2 1
201 60 2 1
202 60 2 1
203 60 2 1
204 60 2 1
205 60 2 1
206 60 2 1
197 130 2 1
198 130 2 1
199 130 2 1
200 130 2 1
201 130 2 1
202 130 2 1
203 130 2 1
191 200 2 1
192 200 2 1
193 200 2 1
194 200 2 1
195 200 2 1
196 200 2 1
197 200 2 1
129 68 3 0
130 68 3 0
131 68 3 0
132 68 3 0
133 68 3 0
134 68 3 0
135 68 3 0
246 60 3 0
247 60 3 0
248 60 3 0
249 60 3 0
250 60 3 0
251 60 3 0
252 60 3 0
253 60 3 0
202 99 2 1
203 99 2 1
204 99 2 1
205 99 2 1
206 99 2 1
207 99 2 1
208 99 2 1
209 99 2 1
198 169 2 1
199 169 2 1
238 29 3 0
200 169 2 1
239 29 3 0
201 169 2 1
240 29 3 0
202 169 2 1
241 29 3 0
203 169 2 1
242 29 3 0
204 169 2 1
243 29 3 0
244 29 3 0
135 37 3 0
136 37 3 0
137 37 3 0
138 37 3 0
139 37 3 0
140 37 3 0
141 37 3 0
201 68 2 1
202 68 2 1
203 68 2 1
204 68 2 1
205 68 2 1
206 68 2 1
207 68 2 1
197 138 2 1
198 138 2 1
199 138 2 1
200 138 2 1
201 138 2 1
202 138 2 1
203 138 2 1
191 208 2 1
192 208 2 1
193 208 2 1
194 208 2 1
195 208 2 1
196 208 2 1
197 208 2 1
198 208 2 1
129 76 3 0
130 76 3 0
131 76 3 0
132 76 3 0
133 76 3 0
134 76 3 0
135 76 3 0
247 68 3 0
248 68 3 0
249 68 3 0
250 68 3 0
251 68 3 0
252 68 3 0
253 68 3 0
200 107 2 1
201 107 2 1
202 107 2 1
203 107 2 1
204 107 2 1
205 107 2 1
206 107 2 1
197 177 2 1
198 177 2 1
199 177 2 1
200 177 2 1
130 45 3 0
201 177 2 1
240 37 3 0
131 45 3 0
202 177 2 1
241 37 3 0
132 45 3 0
203 177 2 1
242 37 3 0
133 45 3 0
243 37 3 0
134 45 3 0
244 37 3 0
135 45 3 0
245 37 3 0
136 45 3 0
246 37 3 0
202 76 2 1
203 76 2 1
204 76 2 1
205 76 2 1
206 76 2 1
207 76 2 1
208 76 2 1
170 45 2 1
171 45 2 1
172 45 2 1
198 146 2 1
173 45 2 1
199 146 2 1
174 45 2 1
200 146 2 1
175 45 2 1
201 146 2 1
176 45 2 1
202 146 2 1
177 45 2 1
203 146 2 1
178 45 2 1
204 146 2 1
179 45 2 1
180 45 2 1
181 45 2 1
182 45 2 1
183 45 2 1
184 45 2 1
185 45 2 1
186 45 2 1
187 45 2 1
188 45 2 1
189 45 2 1
190 45 2 1
191 45 2 1
192 45 2 1
193 45 2 1
129 84 3 0
194 45 2 1
130 84 3 0
195 45 2 1
131 84 3 0
203 216 2 1
196 45 2 1
132 84 3 0
204 216 2 1
197 45 2 1
133 84 3 0
205 216 2 1
198 45 2 1
134 84 3 0
206 216 2 1
199 45 2 1
135 84 3 0
207 216 2 1
200 45 2 1
208 216 2 1
201 45 2 1
247 76 3 0
209 216 2 1
202 45 2 1
248 76 3 0
203 45 2 1
249 76 3 0
204 45 2 1
250 76 3 0
251 76 3 0
252 76 3 0
253 76 3 0
199 115 2 1
200 115 2 1
201 115 2 1
202 115 2 1
203 115 2 1
204 115 2 1
205 115 2 1
194 185 2 1
195 185 2 1
196 185 2 1
197 185 2 1
198 185 2 1
199 185 2 1
129 53 3 0
200 185 2 1
130 53 3 0
201 185 2 1
131 53 3 0
241 45 3 0
132 53 3 0
242 45 3 0
133 53 3 0
243 45 3 0
134 53 3 0
244 45 3 0
135 53 3 0
245 45 3 0
246 45 3 0
247 45 3 0
248 45 3 0
203 84 2 1
204 84 2 1
205 84 2 1
206 84 2 1
207 84 2 1
208 84 2 1
209 84 2 1
210 84 2 1
211 84 2 1
212 84 2 1
213 84 2 1
214 84 2 1
215 84 2 1
198 154 2 1
199 154 2 1
200 154 2 1
201 154 2 1
202 154 2 1
203 154 2 1
204 154 2 1
149 22 3 0
130 92 3 0
150 22 3 0
131 92 3 0
151 22 3 0
132 92 3 0
152 22 3 0
133 92 3 0
153 22 3 0
134 92 3 0
154 22 3 0
135 92 3 0
155 22 3 0
200 53 2 1
156 22 3 0
201 53 2 1
247 84 3 0
157 22 3 0
202 53 2 1
248 84 3 0
158 22 3 0
203 53 2 1
249 84 3 0
159 22 3 0
204 53 2 1
250 84 3 0
160 22 3 0
205 53 2 1
251 84 3 0
161 22 3 0
206 53 2 1
252 84 3 0
162 22 3 0
253 84 3 0
163 22 3 0
164 22 3 0
165 22 3 0
166 22 3 0
167 22 3 0
168 22 3 0
169 22 3 0
170 22 3 0
171 22 3 0
197 123 2 1
172 22 3 0
198 123 2 1
173 22 3 0
199 123 2 1
174 22 3 0
200 123 2 1
175 22 3 0
201 123 2 1
176 22 3 0
202 123 2 1
177 22 3 0
203 123 2 1
178 22 3 0
204 123 2 1
179 22 3 0
180 22 3 0
181 22 3 0
182 22 3 0
183 22 3 0
184 22 3 0
185 22 3 0
186 22 3 0
193 193 2 1
187 22 3 0
194 193 2 1
188 22 3 0
195 193 2 1
189 22 3 0
196 193 2 1
190 22 3 0
197 193 2 1
191 22 3 0
198 193 2 1
192 22 3 0
199 193 2 1
193 22 3 0
129 61 3 0
194 22 3 0
130 61 3 0
195 22 3 0
131 61 3 0
196 22 3 0
132 61 3 0
197 22 3 0
133 61 3 0
198 22 3 0
134 61 3 0
199 22 3 0
135 61 3 0
245 53 3 0
200 22 3 0
246 53 3 0
201 22 3 0
247 53 3 0
202 22 3 0
248 53 3 0
203 22 3 0
249 53 3 0
204 22 3 0
250 53 3 0
205 22 3 0
251 53 3 0
206 22 3 0
207 22 3 0
208 22 3 0
209 22 3 0
210 22 3 0
211 22 3 0
212 22 3 0
213 22 3 0
214 22 3 0
215 22 3 0
216 22 3 0
217 22 3 0
218 22 3 0
219 22 3 0
220 22 3 0
221 22 3 0
222 22 3 0
223 22 3 0
204 92 2 1
224 22 3 0
205 92 2 1
225 22 3 0
206 92 2 1
226 22 3 0
207 92 2 1
227 22 3 0
208 92 2 1
228 22 3 0
209 92 2 1
229 22 3 0
210 92 2 1
230 22 3 0
211 92 2 1
231 22 3 0
212 92 2 1
232 22 3 0
213 92 2 1
233 22 3 0
234 22 3 0
235 22 3 0
236 22 3 0
198 162 2 1
237 22 3 0
199 162 2 1
238 22 3 0
200 162 2 1
239 22 3 0
201 162 2 1
202 162 2 1
203 162 2 1
204 162 2 1
138 30 3 0
139 30 3 0
140 30 3 0
141 30 3 0
142 30 3 0
143 30 3 0
144 30 3 0
145 30 3 0
146 30 3 0
147 30 3 0
148 30 3 0
200 61 2 1
201 61 2 1
202 61 2 1
203 61 2 1
204 61 2 1
205 61 2 1
206 61 2 1
197 131 2 1
198 131 2 1
199 131 2 1
200 131 2 1
201 131 2 1
202 131 2 1
203 131 2 1
191 201 2 1
192 201 2 1
193 201 2 1
194 201 2 1
195 201 2 1
196 201 2 1
197 201 2 1
129 69 3 0
130 69 3 0
131 69 3 0
132 69 3 0
133 69 3 0
134 69 3 0
135 69 3 0
247 61 3 0
248 61 3 0
249 61 3 0
250 61 3 0
251 61 3 0
252 61 3 0
253 61 3 0
202 100 2 1
203 100 2 1
204 100 2 1
205 100 2 1
206 100 2 1
207 100 2 1
208 100 2 1
209 100 2 1
198 170 2 1
199 170 2 1
238 30 3 0
200 170 2 1
239 30 3 0
201 170 2 1
240 30 3 0
202 170 2 1
241 30 3 0
203 170 2 1
242 30 3 0
133 38 3 0
204 170 2 1
243 30 3 0
134 38 3 0
244 30 3 0
135 38 3 0
136 38 3 0
137 38 3 0
138 38 3 0
139 38 3 0
140 38 3 0
141 38 3 0
201 69 2 1
202 69 2 1
203 69 2 1
204 69 2 1
205 69 2 1
206 69 2 1
207 69 2 1
197 139 2 1
198 139 2 1
199 139 2 1
200 139 2 1
201 139 2 1
202 139 2 1
203 139 2 1
191 209 2 1
192 209 2 1
193 209 2 1
194 209 2 1
195 209 2 1
196 209 2 1
197 209 2 1
198 209 2 1
199 209 2 1
200 209 2 1
129 77 3 0
201 209 2 1
130 77 3 0
202 209 2 1
131 77 3 0
132 77 3 0
133 77 3 0
134 77 3 0
135 77 3 0
247 69 3 0
248 69 3 0
249 69 3 0
250 69 3 0
251 69 3 0
252 69 3 0
253 69 3 0
199 108 2 1
200 108 2 1
201 108 2 1
202 108 2 1
203 108 2 1
204 108 2 1
205 108 2 1
206 108 2 1
196 178 2 1
197 178 2 1
198 178 2 1
199 178 2 1
129 46 3 0
200 178 2 1
130 46 3 0
201 178 2 1
240 38 3 0
131 46 3 0
202 178 2 1
241 38 3 0
132 46 3 0
203 178 2 1
242 38 3 0
133 46 3 0
243 38 3 0
134 46 3 0
244 38 3 0
135 46 3 0
245 38 3 0
136 46 3 0
246 38 3 0
202 77 2 1
203 77 2 1
204 77 2 1
205 77 2 1
206 77 2 1
207 77 2 1
208 77 2 1
170 46 2 1
171 46 2 1
172 46 2 1
198 147 2 1
173 46 2 1
199 147 2 1
174 46 2 1
200 147 2 1
175 46 2 1
201 147 2 1
176 46 2 1
202 147 2 1
177 46 2 1
203 147 2 1
178 46 2 1
204 147 2 1
179 46 2 1
180 46 2 1
181 46 2 1
182 46 2 1
183 46 2 1
184 46 2 1
185 46 2 1
186 46 2 1
187 46 2 1
188 46 2 1
189 46 2 1
190 46 2 1
191 46 2 1
192 46 2 1
193 46 2 1
129 85 3 0
194 46 2 1
130 85 3 0
195 46 2 1
131 85 3 0
196 46 2 1
132 85 3 0
197 46 2 1
133 85 3 0
204 217 2 1
198 46 2 1
134 85 3 0
205 217 2 1
199 46 2 1
135 85 3 0
206 217 2 1
200 46 2 1
207 217 2 1
201 46 2 1
208 217 2 1
247 77 3 0
202 46 2 1
209 217 2 1
248 77 3 0
203 46 2 1
249 77 3 0
204 46 2 1
250 77 3 0
205 46 2 1
251 77 3 0
252 77 3 0
253 77 3 0
199 116 2 1
200 116 2 1
201 116 2 1
202 116 2 1
203 116 2 1
204 116 2 1
205 116 2 1
194 186 2 1
195 186 2 1
196 186 2 1
197 186 2 1
198 186 2 1
199 186 2 1
129 54 3 0
200 186 2 1
130 54 3 0
131 54 3 0
241 46 3 0
132 54 3 0
242 46 3 0
133 54 3 0
243 46 3 0
134 54 3 0
244 46 3 0
135 54 3 0
245 46 3 0
246 46 3 0
247 46 3 0
248 46 3 0
203 85 2 1
204 85 2 1
205 85 2 1
206 85 2 1
207 85 2 1
208 85 2 1
209 85 2 1
210 85 2 1
211 85 2 1
212 85 2 1
213 85 2 1
214 85 2 1
215 85 2 1
198 155 2 1
199 155 2 1
200 155 2 1
201 155 2 1
202 155 2 1
203 155 2 1
204 155 2 1
146 23 3 0
147 23 3 0
148 23 3 0
149 23 3 0
150 23 3 0
151 23 3 0
132 93 3 0
152 23 3 0
133 93 3 0
153 23 3 0
998
1 2 1 173 46 3
1 2 1 173 46 3
1 2 1 173 45 3
1 2 1 173 45 3
1 2 1 174 45 3
1 2 1 174 45 3
1 2 1 175 45 3
1 2 1 175 45 3
1 2 1 176 45 3
1 2 1 176 45 3
1 2 1 177 45 3
1 2 1 177 45 3
1 2 1 177 44 3
1 2 1 177 44 3
1 2 1 178 44 3
1 2 1 178 44 3
1 2 1 179 44 3
1 2 1 179 44 3
1 2 1 180 44 3
1 2 1 180 44 3
1 2 1 181 44 3
1 2 1 181 44 3
1 2 1 182 44 3
1 2 1 182 44 3
1 2 1 183 44 3
1 2 1 183 44 3
1 2 1 184 44 3
1 2 1 184 44 3
1 2 1 185 44 3
1 2 1 185 44 3
1 2 1 185 43 3
1 2 1 185 43 3
1 2 1 186 43 3
1 2 1 186 43 3
1 2 1 187 43 3
1 2 1 187 43 3
1 2 1 188 43 3
1 2 1 188 43 3
1 2 1 189 43 3
1 2 1 189 43 3
1 2 1 190 43 3
1 2 1 190 43 3
1 2 1 191 43 3
1 2 1 191 43 3
1 2 1 192 43 3
1 2 1 192 43 3
1 2 1 193 43 3
1 2 1 193 43 3
1 2 1 194 43 3
1 2 1 194 43 3
1 2 1 195 44 3
1 2 1 195 44 3
1 2 1 196 44 3
1 2 1 196 44 3
1 2 1 197 45 3
1 2 1 197 45 3
1 2 1 198 45 3
1 2 1 198 45 3
1 2 1 199 45 3
1 2 1 199 45 3
1 2 1 200 45 3
1 2 1 200 45 3
1 2 1 201 45 3
1 2 1 201 45 3
1 2 1 201 46 3
1 2 1 201 46 3
1 2 1 202 46 3
1 2 1 202 46 3
1 2 1 202 47 3
1 2 1 202 47 3
1 2 1 203 48 3
1 2 1 203 48 3
1 2 1 203 49 3
1 2 1 203 49 3
1 2 1 203 50 3
1 2 1 203 50 3
1 2 1 203 51 3
1 2 1 203 51 3
1 2 1 203 52 3
1 2 1 203 52 3
1 2 1 203 53 3
1 2 1 203 53 3
1 2 1 203 54 3
1 2 1 203 54 3
1 2 1 203 55 3
1 2 1 203 55 3
1 2 1 203 56 3
1 2 1 203 56 3
1 2 1 203 57 3
1 2 1 203 57 3
1 2 1 203 58 3
1 2 1 203 58 3
1 2 1 203 59 3
1 2 1 203 59 3
1 2 1 203 60 3
1 2 1 203 60 3
1 2 1 203 61 3
1 2 1 203 61 3
1 2 1 203 62 3
1 2 1 203 62 3
1 2 1 203 63 3
1 2 1 203 63 3
1 2 1 203 64 3
1 2 1 203 64 3
1 2 1 203 65 3
1 2 1 203 65 3
1 2 1 203 66 3
1 2 1 203 66 3
1 2 1 204 67 3
1 2 1 204 67 3
1 2 1 204 68 3
1 2 1 204 68 3
1 2 1 204 69 3
1 2 1 204 69 3
1 2 1 204 70 3
1 2 1 204 70 3
1 2 1 204 71 3
1 2 1 204 71 3
1 2 1 204 72 3
1 2 1 204 72 3
1 2 1 204 73 3
1 2 1 204 73 3
1 2 1 204 74 3
1 2 1 204 74 3
1 2 1 204 75 3
1 2 1 204 75 3
1 2 1 205 76 3
1 2 1 205 76 3
1 2 1 205 77 3
1 2 1 205 77 3
1 2 1 205 78 3
1 2 1 205 78 3
1 2 1 205 79 3
1 2 1 205 79 3
1 2 1 205 80 3
1 2 1 205 80 3
1 2 1 205 81 3
1 2 1 205 81 3
1 2 1 205 82 3
1 2 1 205 82 3
1 2 1 205 83 3
1 2 1 205 83 3
1 2 1 206 83 3
1 2 1 206 83 3
1 2 1 206 84 3
1 2 1 206 84 3
1 2 1 206 85 3
1 2 1 206 85 3
1 2 1 206 86 3
1 2 1 206 86 3
1 2 1 206 87 3
1 2 1 206 87 3
1 2 1 206 88 3
1 2 1 206 88 3
1 2 1 206 89 3
1 2 1 206 89 3
1 2 1 206 90 3
1 2 1 206 90 3
1 2 1 207 90 3
1 2 1 207 90 3
1 2 1 207 91 3
1 2 1 207 91 3
1 2 1 208 91 3
1 2 1 208 91 3
1 2 1 209 91 3
1 2 1 209 91 3
1 2 1 209 90 3
1 2 1 209 90 3
1 2 1 210 90 3
1 2 1 210 90 3
1 2 1 211 90 3
1 2 1 211 90 3
1 2 1 211 89 3
1 2 1 211 89 3
1 2 1 211 88 3
1 2 1 211 88 3
1 2 1 212 88 3
1 2 1 212 88 3
1 2 1 212 87 3
1 2 1 212 87 3
1 2 1 212 86 3
1 2 1 212 86 3
1 2 1 212 85 3
1 2 1 212 85 3
1 2 1 212 84 3
1 2 1 212 84 3
1 2 1 212 85 3
1 2 1 212 85 3
1 2 1 211 85 3
1 2 1 211 85 3
1 2 1 211 86 3
1 2 1 211 86 3
1 2 1 211 87 3
1 2 1 211 87 3
1 2 1 210 87 3
1 2 1 210 87 3
1 2 1 210 88 3
1 2 1 210 88 3
1 2 1 210 89 3
1 2 1 210 89 3
1 2 1 210 90 3
1 2 1 210 90 3
1 2 1 210 91 3
1 2 1 210 91 3
1 2 1 209 91 3
1 2 1 209 91 3
1 2 1 209 92 3
1 2 1 209 92 3
1 2 1 208 92 3
1 2 1 208 92 3
1 2 1 208 93 3
1 2 1 208 93 3
1 2 1 208 94 3
1 2 1 208 94 3
1 2 1 208 95 3
1 2 1 208 95 3
1 2 1 207 95 3
1 2 1 207 95 3
1 2 1 207 96 3
1 2 1 207 96 3
1 2 1 207 97 3
1 2 1 207 97 3
1 2 1 207 98 3
1 2 1 207 98 3
1 2 1 206 98 3
1 2 1 206 98 3
1 2 1 205 98 3
1 2 1 205 98 3
1 2 1 205 99 3
1 2 1 205 99 3
1 2 1 205 100 3
1 2 1 205 100 3
1 2 1 205 101 3
1 2 1 205 101 3
1 2 1 205 102 3
1 2 1 205 102 3
1 2 1 204 102 3
1 2 1 204 102 3
1 2 1 204 103 3
1 2 1 204 103 3
1 2 1 204 104 3
1 2 1 204 104 3
1 2 1 204 105 3
1 2 1 204 105 3
1 2 1 203 105 3
1 2 1 203 105 3
1 2 1 203 106 3
1 2 1 203 106 3
1 2 1 203 107 3
1 2 1 203 107 3
1 2 1 203 108 3
1 2 1 203 108 3
1 2 1 202 108 3
1 2 1 202 108 3
1 2 1 202 109 3
1 2 1 202 109 3
1 2 1 202 110 3
1 2 1 202 110 3
1 2 1 202 111 3
1 2 1 202 111 3
1 2 1 202 112 3
1 2 1 202 112 3
1 2 1 202 113 3
1 2 1 202 113 3
1 2 1 202 114 3
1 2 1 202 114 3
1 2 1 202 115 3
1 2 1 202 115 3
1 2 1 202 116 3
1 2 1 202 116 3
1 2 1 202 117 3
1 2 1 202 117 3
1 2 1 202 118 3
1 2 1 202 118 3
1 2 1 202 119 3
1 2 1 202 119 3
1 2 1 202 120 3
1 2 1 202 120 3
1 2 1 201 120 3
1 2 1 201 120 3
1 2 1 201 121 3
1 2 1 201 121 3
1 2 1 201 122 3
1 2 1 201 122 3
1 2 1 201 123 3
1 2 1 201 123 3
1 2 1 200 123 3
1 2 1 200 123 3
1 2 1 200 124 3
1 2 1 200 124 3
1 2 1 200 125 3
1 2 1 200 125 3
1 2 1 200 126 3
1 2 1 200 126 3
1 2 1 200 127 3
1 2 1 200 127 3
1 2 1 200 128 3
1 2 1 200 128 3
1 2 1 200 129 3
1 2 1 200 129 3
1 2 1 200 130 3
1 2 1 200 130 3
1 2 1 200 131 3
1 2 1 200 131 3
1 2 1 200 132 3
1 2 1 200 132 3
1 2 1 200 133 3
1 2 1 200 133 3
1 2 1 200 134 3
1 2 1 200 134 3
1 2 1 200 135 3
1 2 1 200 135 3
1 2 1 200 136 3
1 2 1 200 136 3
1 2 1 200 137 3
1 2 1 200 137 3
1 2 1 200 138 3
1 2 1 200 138 3
1 2 1 200 139 3
1 2 1 200 139 3
1 2 1 200 140 3
1 2 1 200 140 3
1 2 1 201 141 3
1 2 1 201 141 3
1 2 1 201 142 3
1 2 1 201 142 3
1 2 1 201 143 3
1 2 1 201 143 3
1 2 1 201 144 3
1 2 1 201 144 3
1 2 1 201 145 3
1 2 1 201 145 3
1 2 1 201 146 3
1 2 1 201 146 3
1 2 1 201 147 3
1 2 1 201 147 3
1 2 1 201 148 3
1 2 1 201 148 3
1 2 1 201 149 3
1 2 1 201 149 3
1 2 1 201 150 3
1 2 1 201 150 3
1 2 1 201 151 3
1 2 1 201 151 3
1 2 1 201 152 3
1 2 1 201 152 3
1 2 1 201 153 3
1 2 1 201 153 3
1 2 1 201 154 3
1 2 1 201 154 3
1 2 1 201 155 3
1 2 1 201 155 3
1 2 1 201 156 3
1 2 1 201 156 3
1 2 1 201 157 3
1 2 1 201 157 3
1 2 1 201 158 3
1 2 1 201 158 3
1 2 1 201 159 3
1 2 1 201 159 3
1 2 1 201 160 3
1 2 1 201 160 3
1 2 1 201 161 3
1 2 1 201 161 3
1 2 1 201 162 3
1 2 1 201 162 3
1 2 1 201 163 3
1 2 1 201 163 3
1 2 1 201 164 3
1 2 1 201 164 3
1 2 1 201 165 3
1 2 1 201 165 3
1 2 1 201 166 3
1 2 1 201 166 3
1 2 1 201 167 3
1 2 1 201 167 3
1 2 1 201 168 3
1 2 1 201 168 3
1 2 1 201 169 3
1 2 1 201 169 3
1 2 1 201 170 3
1 2 1 201 170 3
1 2 1 201 171 3
1 2 1 201 171 3
1 2 1 201 172 3
1 2 1 201 172 3
1 2 1 201 173 3
1 2 1 201 173 3
1 2 1 201 174 3
1 2 1 201 174 3
1 2 1 201 175 3
1 2 1 201 175 3
1 2 1 200 175 3
1 2 1 200 175 3
1 2 1 200 176 3
1 2 1 200 176 3
1 2 1 200 177 3
1 2 1 200 177 3
1 2 1 200 178 3
1 2 1 200 178 3
1 2 1 199 178 3
1 2 1 199 178 3
1 2 1 199 179 3
1 2 1 199 179 3
1 2 1 199 180 3
1 2 1 199 180 3
1 2 1 198 180 3
1 2 1 198 180 3
1 2 1 198 181 3
1 2 1 198 181 3
1 2 1 198 182 3
1 2 1 198 182 3
1 2 1 198 183 3
1 2 1 198 183 3
1 2 1 198 184 3
1 2 1 198 184 3
1 2 1 198 185 3
1 2 1 198 185 3
1 2 1 197 185 3
1 2 1 197 185 3
1 2 1 197 186 3
1 2 1 197 186 3
1 2 1 197 187 3
1 2 1 197 187 3
1 2 1 197 188 3
1 2 1 197 188 3
1 2 1 197 189 3
1 2 1 197 189 3
1 2 1 197 190 3
1 2 1 197 190 3
1 2 1 196 190 3
1 2 1 196 190 3
1 2 1 196 191 3
1 2 1 196 191 3
1 2 1 196 192 3
1 2 1 196 192 3
1 2 1 196 193 3
1 2 1 196 193 3
1 2 1 196 194 3
1 2 1 196 194 3
1 2 1 195 194 3
1 2 1 195 194 3
1 2 1 195 195 3
1 2 1 195 195 3
1 2 1 195 196 3
1 2 1 195 196 3
1 2 1 195 197 3
1 2 1 195 197 3
1 2 1 194 197 3
1 2 1 194 197 3
1 2 1 194 198 3
1 2 1 194 198 3
1 2 1 194 199 3
1 2 1 194 199 3
1 2 1 194 200 3
1 2 1 194 200 3
1 2 1 194 201 3
1 2 1 194 201 3
1 2 1 194 202 3
1 2 1 194 202 3
1 2 1 194 203 3
1 2 1 194 203 3
1 2 1 194 204 3
1 2 1 194 204 3
1 2 1 194 205 3
1 2 1 194 205 3
1 2 1 194 206 3
1 2 1 194 206 3
1 2 1 194 207 3
1 2 1 194 207 3
1 2 1 194 208 3
1 2 1 194 208 3
1 2 1 194 209 3
1 2 1 194 209 3
1 2 1 194 210 3
1 2 1 194 210 3
1 2 1 195 210 3
1 2 1 195 210 3
1 2 1 196 210 3
1 2 1 196 210 3
1 2 1 196 211 3
1 2 1 196 211 3
1 2 1 197 211 3
1 2 1 197 211 3
1 2 1 198 211 3
1 2 1 198 211 3
1 2 1 198 212 3
1 2 1 198 212 3
1 2 1 199 212 3
1 2 1 199 212 3
1 2 1 200 212 3
1 2 1 200 212 3
1 2 1 201 212 3
1 2 1 201 212 3
1 2 1 202 212 3
1 2 1 202 212 3
1 2 1 203 213 3
1 2 1 203 213 3
1 2 1 204 213 3
1 2 1 204 213 3
1 2 1 205 214 3
1 2 1 205 214 3
1 2 1 206 214 3
1 2 1 206 214 3
1 2 1 206 215 3
1 2 1 206 215 3
1 2 1 207 215 3
1 3 0 133 90 3
1 3 0 133 90 3
1 3 0 132 90 3
1 3 0 132 90 3
1 3 0 132 89 3
1 3 0 132 89 3
1 3 0 132 88 3
1 3 0 132 88 3
1 3 0 132 87 3
1 3 0 132 87 3
1 3 0 132 86 3
1 3 0 132 86 3
1 3 0 132 85 3
1 3 0 132 85 3
1 3 0 132 84 3
1 3 0 132 84 3
1 3 0 132 83 3
1 3 0 132 83 3
1 3 0 132 82 3
1 3 0 132 82 3
1 3 0 132 81 3
1 3 0 132 81 3
1 3 0 132 80 3
1 3 0 132 80 3
1 3 0 132 79 3
1 3 0 132 79 3
1 3 0 132 78 3
1 3 0 132 78 3
1 3 0 132 77 3
1 3 0 132 77 3
1 3 0 132 76 3
1 3 0 132 76 3
1 3 0 132 75 3
1 3 0 132 75 3
1 3 0 132 74 3
1 3 0 132 74 3
1 3 0 132 73 3
1 3 0 132 73 3
1 3 0 132 72 3
1 3 0 132 72 3
1 3 0 132 71 3
1 3 0 132 71 3
1 3 0 132 70 3
1 3 0 132 70 3
1 3 0 132 69 3
1 3 0 132 69 3
1 3 0 132 68 3
1 3 0 132 68 3
1 3 0 132 67 3
1 3 0 132 67 3
1 3 0 132 66 3
1 3 0 132 66 3
1 3 0 132 65 3
1 3 0 132 65 3
1 3 0 132 64 3
1 3 0 132 64 3
1 3 0 132 63 3
1 3 0 132 63 3
1 3 0 132 62 3
1 3 0 132 62 3
1 3 0 132 61 3
1 3 0 132 61 3
1 3 0 132 60 3
1 3 0 132 60 3
1 3 0 132 59 3
1 3 0 132 59 3
1 3 0 132 58 3
1 3 0 132 58 3
1 3 0 132 57 3
1 3 0 132 57 3
1 3 0 132 56 3
1 3 0 132 56 3
1 3 0 132 55 3
1 3 0 132 55 3
1 3 0 132 54 3
1 3 0 132 54 3
1 3 0 132 53 3
1 3 0 132 53 3
1 3 0 132 52 3
1 3 0 132 52 3
1 3 0 132 51 3
1 3 0 132 51 3
1 3 0 132 50 3
1 3 0 132 50 3
1 3 0 132 49 3
1 3 0 132 49 3
1 3 0 132 48 3
1 3 0 132 48 3
1 3 0 132 47 3
1 3 0 132 47 3
1 3 0 132 46 3
1 3 0 132 46 3
1 3 0 133 46 3
1 3 0 133 46 3
1 3 0 133 45 3
1 3 0 133 45 3
1 3 0 133 44 3
1 3 0 133 44 3
1 3 0 134 44 3
1 3 0 134 44 3
1 3 0 134 43 3
1 3 0 134 43 3
1 3 0 134 42 3
1 3 0 134 42 3
1 3 0 134 41 3
1 3 0 134 41 3
1 3 0 135 41 3
1 3 0 135 41 3
1 3 0 135 40 3
1 3 0 135 40 3
1 3 0 136 40 3
1 3 0 136 40 3
1 3 0 137 40 3
1 3 0 137 40 3
1 3 0 137 39 3
1 3 0 137 39 3
1 3 0 137 38 3
1 3 0 137 38 3
1 3 0 138 38 3
1 3 0 138 38 3
1 3 0 138 37 3
1 3 0 138 37 3
1 3 0 138 36 3
1 3 0 138 36 3
1 3 0 139 36 3
1 3 0 139 36 3
1 3 0 139 35 3
1 3 0 139 35 3
1 3 0 139 34 3
1 3 0 139 34 3
1 3 0 139 33 3
1 3 0 139 33 3
1 3 0 140 33 3
1 3 0 140 33 3
1 3 0 140 32 3
1 3 0 140 32 3
1 3 0 141 32 3
1 3 0 141 32 3
1 3 0 141 31 3
1 3 0 141 31 3
1 3 0 141 30 3
1 3 0 141 30 3
1 3 0 142 30 3
1 3 0 142 30 3
1 3 0 143 30 3
1 3 0 143 30 3
1 3 0 143 29 3
1 3 0 143 29 3
1 3 0 144 29 3
1 3 0 144 29 3
1 3 0 144 28 3
1 3 0 144 28 3
1 3 0 145 28 3
1 3 0 145 28 3
1 3 0 146 28 3
1 3 0 146 28 3
1 3 0 146 27 3
1 3 0 146 27 3
1 3 0 146 26 3
1 3 0 146 26 3
1 3 0 147 26 3
1 3 0 147 26 3
1 3 0 148 26 3
1 3 0 148 26 3
1 3 0 149 26 3
1 3 0 149 26 3
1 3 0 149 25 3
1 3 0 149 25 3
1 3 0 150 25 3
1 3 0 150 25 3
1 3 0 151 25 3
1 3 0 151 25 3
1 3 0 151 24 3
1 3 0 151 24 3
1 3 0 152 24 3
1 3 0 152 24 3
1 3 0 153 24 3
1 3 0 153 24 3
1 3 0 154 24 3
1 3 0 154 24 3
1 3 0 155 24 3
1 3 0 155 24 3
1 3 0 156 24 3
1 3 0 156 24 3
1 3 0 157 24 3
1 3 0 157 24 3
1 3 0 158 24 3
1 3 0 158 24 3
1 3 0 159 24 3
1 3 0 159 24 3
1 3 0 160 24 3
1 3 0 160 24 3
1 3 0 161 24 3
1 3 0 161 24 3
1 3 0 162 24 3
1 3 0 162 24 3
1 3 0 163 25 3
1 3 0 163 25 3
1 3 0 164 25 3
1 3 0 164 25 3
1 3 0 165 25 3
1 3 0 165 25 3
1 3 0 166 25 3
1 3 0 166 25 3
1 3 0 167 25 3
1 3 0 167 25 3
1 3 0 168 25 3
1 3 0 168 25 3
1 3 0 169 25 3
1 3 0 169 25 3
1 3 0 170 25 3
1 3 0 170 25 3
1 3 0 171 25 3
1 3 0 171 25 3
1 3 0 172 25 3
1 3 0 172 25 3
1 3 0 173 25 3
1 3 0 173 25 3
1 3 0 174 25 3
1 3 0 174 25 3
1 3 0 175 25 3
1 3 0 175 25 3
1 3 0 176 25 3
1 3 0 176 25 3
1 3 0 177 25 3
1 3 0 177 25 3
1 3 0 178 25 3
1 3 0 178 25 3
1 3 0 179 25 3
1 3 0 179 25 3
1 3 0 180 25 3
1 3 0 180 25 3
1 3 0 181 25 3
1 3 0 181 25 3
1 3 0 182 25 3
1 3 0 182 25 3
1 3 0 183 25 3
1 3 0 183 25 3
1 3 0 184 25 3
1 3 0 184 25 3
1 3 0 185 25 3
1 3 0 185 25 3
1 3 0 186 25 3
1 3 0 186 25 3
1 3 0 187 25 3
1 3 0 187 25 3
1 3 0 188 25 3
1 3 0 188 25 3
1 3 0 189 25 3
1 3 0 189 25 3
1 3 0 190 25 3
1 3 0 190 25 3
1 3 0 191 25 3
1 3 0 191 25 3
1 3 0 192 25 3
1 3 0 192 25 3
1 3 0 193 25 3
1 3 0 193 25 3
1 3 0 194 25 3
1 3 0 194 25 3
1 3 0 195 25 3
1 3 0 195 25 3
1 3 0 196 25 3
1 3 0 196 25 3
1 3 0 197 25 3
1 3 0 197 25 3
1 3 0 198 25 3
1 3 0 198 25 3
1 3 0 199 25 3
1 3 0 199 25 3
1 3 0 199 24 3
1 3 0 199 24 3
1 3 0 200 24 3
1 3 0 200 24 3
1 3 0 201 24 3
1 3 0 201 24 3
1 3 0 202 24 3
1 3 0 202 24 3
1 3 0 203 24 3
1 3 0 203 24 3
1 3 0 204 24 3
1 3 0 204 24 3
1 3 0 204 23 3
1 3 0 204 23 3
1 3 0 205 23 3
1 3 0 205 23 3
1 3 0 206 23 3
1 3 0 206 23 3
1 3 0 207 23 3
1 3 0 207 23 3
1 3 0 208 23 3
1 3 0 208 23 3
1 3 0 209 23 3
1 3 0 209 23 3
1 3 0 209 22 3
1 3 0 209 22 3
1 3 0 210 22 3
1 3 0 210 22 3
1 3 0 211 22 3
1 3 0 211 22 3
1 3 0 212 22 3
1 3 0 212 22 3
1 3 0 213 22 3
1 3 0 213 22 3
1 3 0 214 22 3
1 3 0 214 22 3
1 3 0 215 22 3
1 3 0 215 22 3
1 3 0 215 21 3
1 3 0 215 21 3
1 3 0 216 21 3
1 3 0 216 21 3
1 3 0 217 21 3
1 3 0 217 21 3
1 3 0 218 21 3
1 3 0 218 21 3
1 3 0 219 21 3
1 3 0 219 21 3
1 3 0 219 20 3
1 3 0 219 20 3
1 3 0 220 20 3
1 3 0 220 20 3
1 3 0 221 20 3
1 3 0 221 20 3
1 3 0 222 20 3
1 3 0 222 20 3
1 3 0 223 20 3
1 3 0 223 20 3
1 3 0 224 20 3
1 3 0 224 20 3
1 3 0 225 20 3
1 3 0 225 20 3
1 3 0 226 20 3
1 3 0 226 20 3
1 3 0 227 21 3
1 3 0 227 21 3
1 3 0 228 21 3
1 3 0 228 21 3
1 3 0 229 21 3
1 3 0 229 21 3
1 3 0 229 22 3
1 3 0 229 22 3
1 3 0 230 22 3
1 3 0 230 22 3
1 3 0 231 22 3
1 3 0 231 22 3
1 3 0 232 22 3
1 3 0 232 22 3
1 3 0 233 22 3
1 3 0 233 22 3
1 3 0 233 23 3
1 3 0 233 23 3
1 3 0 234 23 3
1 3 0 234 23 3
1 3 0 235 24 3
1 3 0 235 24 3
1 3 0 236 24 3
1 3 0 236 24 3
1 3 0 237 24 3
1 3 0 237 24 3
1 3 0 237 25 3
1 3 0 237 25 3
1 3 0 238 25 3
1 3 0 238 25 3
1 3 0 239 26 3
1 3 0 239 26 3
1 3 0 240 26 3
1 3 0 240 26 3
1 3 0 241 26 3
1 3 0 241 26 3
1 3 0 241 27 3
1 3 0 241 27 3
1 3 0 241 28 3
1 3 0 241 28 3
1 3 0 241 29 3
1 3 0 241 29 3
1 3 0 241 30 3
1 3 0 241 30 3
1 3 0 241 31 3
1 3 0 241 31 3
1 3 0 241 32 3
1 3 0 241 32 3
1 3 0 242 33 3
1 3 0 242 33 3
1 3 0 242 34 3
1 3 0 242 34 3
1 3 0 242 35 3
1 3 0 242 35 3
1 3 0 243 36 3
1 3 0 243 36 3
1 3 0 243 37 3
1 3 0 243 37 3
1 3 0 243 38 3
1 3 0 243 38 3
1 3 0 243 39 3
1 3 0 243 39 3
1 3 0 243 40 3
1 3 0 243 40 3
1 3 0 243 41 3
1 3 0 243 41 3
1 3 0 243 42 3
1 3 0 243 42 3
1 3 0 243 43 3
1 3 0 243 43 3
1 3 0 243 44 3
1 3 0 243 44 3
1 3 0 244 44 3
1 3 0 244 44 3
1 3 0 245 45 3
1 3 0 245 45 3
1 3 0 245 46 3
1 3 0 245 46 3
1 3 0 246 47 3
1 3 0 246 47 3
1 3 0 246 48 3
1 3 0 246 48 3
1 3 0 246 49 3
1 3 0 246 49 3
1 3 0 247 50 3
1 3 0 247 50 3
1 3 0 247 51 3
1 3 0 247 51 3
1 3 0 247 52 3
1 3 0 247 52 3
1 3 0 248 52 3
1 3 0 248 52 3
1 3 0 248 53 3
1 3 0 248 53 3
1 3 0 249 54 3
1 3 0 249 54 3
1 3 0 249 55 3
1 3 0 249 55 3
1 3 0 249 56 3
1 3 0 249 56 3
1 3 0 249 57 3
1 3 0 249 57 3
1 3 0 249 58 3
1 3 0 249 58 3
1 3 0 249 59 3
1 3 0 249 59 3
1 3 0 249 60 3
1 3 0 249 60 3
1 3 0 250 60 3
1 3 0 250 60 3
1 3 0 250 61 3
1 3 0 250 61 3
1 3 0 250 62 3
1 3 0 250 62 3
1 3 0 250 63 3
1 3 0 250 63 3
1 3 0 250 64 3
1 3 0 250 64 3
1 3 0 250 65 3
1 3 0 250 65 3
1 3 0 250 66 3
1 3 0 250 66 3
1 3 0 250 67 3
1 3 0 250 67 3
1 3 0 250 68 3
1 3 0 250 68 3
1 3 0 250 69 3
1 3 0 250 69 3
1 3 0 250 70 3
1 3 0 250 70 3
1 3 0 250 71 3
1 3 0 250 71 3
1 3 0 250 72 3
1 3 0 250 72 3
1 3 0 250 73 3
1 3 0 250 73 3
1 3 0 250 74 3
1 3 0 250 74 3
1 3 0 250 75 3
1 3 0 250 75 3
1 3 0 250 76 3
1 3 0 250 76 3
1 3 0 250 77 3
1 3 0 250 77 3
1 3 0 250 78 3
1 3 0 250 78 3
1 3 0 250 79 3
1 3 0 250 79 3
1 3 0 250 80 3
1 3 0 250 80 3
1 3 0 250 81 3
1 3 0 250 81 3
1 3 0 250 82 3
1 3 0 250 82 3
1 3 0 250 83 3
1 3 0 250 83 3
1 3 0 250 84 3
