2149 481 321
33 272 12 1
270 186 6 0
271 186 6 0
272 186 6 0
273 186 6 0
274 186 6 0
275 186 6 0
276 186 6 0
277 186 6 0
278 186 6 0
165 23 7 0
166 23 7 0
167 23 7 0
168 23 7 0
169 23 7 0
170 23 7 0
171 23 7 0
172 23 7 0
173 23 7 0
174 23 7 0
175 23 7 0
393 77 2 1
394 77 2 1
395 77 2 1
396 77 2 1
397 77 2 1
398 77 2 1
399 77 2 1
400 77 2 1
401 77 2 1
402 77 2 1
403 77 2 1
404 77 2 1
405 77 2 1
214 93 6 1
215 93 6 1
216 93 6 1
217 93 6 1
218 93 6 1
219 93 6 1
220 93 6 1
221 93 6 1
222 93 6 1
223 93 6 1
224 93 6 1
225 93 6 1
226 93 6 1
227 93 6 1
228 93 6 1
229 93 6 1
230 93 6 1
231 93 6 1
232 93 6 1
233 93 6 1
234 93 6 1
235 93 6 1
236 93 6 1
237 93 6 1
27 280 12 1
238 93 6 1
28 280 12 1
239 93 6 1
29 280 12 1
240 93 6 1
30 280 12 1
241 93 6 1
31 280 12 1
242 93 6 1
152 31 7 0
32 280 12 1
243 93 6 1
153 31 7 0
33 280 12 1
244 93 6 1
154 31 7 0
245 93 6 1
155 31 7 0
246 93 6 1
156 31 7 0
247 93 6 1
157 31 7 0
248 93 6 1
158 31 7 0
249 93 6 1
159 31 7 0
250 93 6 1
160 31 7 0
251 93 6 1
161 31 7 0
252 93 6 1
162 31 7 0
253 93 6 1
163 31 7 0
254 93 6 1
164 31 7 0
255 93 6 1
256 93 6 1
257 93 6 1
258 93 6 1
259 93 6 1
260 93 6 1
261 93 6 1
262 93 6 1
263 93 6 1
264 93 6 1
265 93 6 1
266 93 6 1
267 93 6 1
268 93 6 1
269 93 6 1
270 93 6 1
271 93 6 1
272 93 6 1
273 93 6 1
274 93 6 1
275 93 6 1
276 93 6 1
277 93 6 1
278 93 6 1
279 93 6 1
280 93 6 1
403 85 2 1
404 85 2 1
405 85 2 1
406 85 2 1
407 85 2 1
408 85 2 1
409 85 2 1
410 85 2 1
131 140 11 0
132 140 11 0
133 140 11 0
134 140 11 0
135 140 11 0
136 140 11 0
137 140 11 0
137 39 7 0
138 39 7 0
139 39 7 0
140 39 7 0
141 39 7 0
142 39 7 0
143 39 7 0
144 39 7 0
145 39 7 0
146 39 7 0
147 39 7 0
148 39 7 0
149 39 7 0
150 39 7 0
406 93 2 1
407 93 2 1
408 93 2 1
409 93 2 1
410 93 2 1
411 93 2 1
412 93 2 1
116 47 7 0
117 47 7 0
118 47 7 0
119 47 7 0
120 47 7 0
121 47 7 0
122 47 7 0
123 47 7 0
124 47 7 0
125 47 7 0
126 47 7 0
127 47 7 0
128 47 7 0
129 47 7 0
130 47 7 0
131 47 7 0
132 47 7 0
133 47 7 0
134 47 7 0
135 47 7 0
71 156 9 0
72 156 9 0
73 156 9 0
74 156 9 0
75 156 9 0
76 156 9 0
77 156 9 0
78 156 9 0
79 156 9 0
125 187 10 0
126 187 10 0
127 187 10 0
128 187 10 0
129 187 10 0
130 187 10 0
131 187 10 0
244 179 6 0
245 179 6 0
76 226 7 0
77 226 7 0
78 226 7 0
79 226 7 0
80 226 7 0
28 265 12 1
29 265 12 1
30 265 12 1
31 265 12 1
32 265 12 1
408 101 2 1
409 101 2 1
410 101 2 1
65 195 8 1
411 101 2 1
66 195 8 1
412 101 2 1
67 195 8 1
68 195 8 1
69 195 8 1
70 195 8 1
71 195 8 1
188 86 6 1
189 86 6 1
190 86 6 1
191 86 6 1
192 86 6 1
193 86 6 1
194 86 6 1
195 86 6 1
196 86 6 1
197 86 6 1
198 86 6 1
199 86 6 1
200 86 6 1
201 86 6 1
202 86 6 1
203 86 6 1
204 86 6 1
122 195 10 0
205 86 6 1
123 195 10 0
206 86 6 1
124 195 10 0
207 86 6 1
125 195 10 0
208 86 6 1
126 195 10 0
209 86 6 1
210 86 6 1
211 86 6 1
212 86 6 1
213 86 6 1
249 187 6 0
250 187 6 0
251 187 6 0
252 187 6 0
253 187 6 0
254 187 6 0
255 187 6 0
256 187 6 0
83 234 7 0
257 187 6 0
84 234 7 0
258 187 6 0
85 234 7 0
259 187 6 0
86 234 7 0
260 187 6 0
87 234 7 0
261 187 6 0
88 234 7 0
262 187 6 0
89 234 7 0
263 187 6 0
90 234 7 0
27 273 12 1
264 187 6 0
91 234 7 0
28 273 12 1
265 187 6 0
92 234 7 0
29 273 12 1
266 187 6 0
93 234 7 0
30 273 12 1
267 187 6 0
94 234 7 0
31 273 12 1
268 187 6 0
32 273 12 1
269 187 6 0
33 273 12 1
270 187 6 0
271 187 6 0
272 187 6 0
273 187 6 0
274 187 6 0
275 187 6 0
276 187 6 0
277 187 6 0
278 187 6 0
279 187 6 0
163 24 7 0
280 187 6 0
164 24 7 0
281 187 6 0
165 24 7 0
282 187 6 0
166 24 7 0
283 187 6 0
167 24 7 0
284 187 6 0
168 24 7 0
169 24 7 0
170 24 7 0
171 24 7 0
172 24 7 0
173 24 7 0
174 24 7 0
394 78 2 1
395 78 2 1
396 78 2 1
397 78 2 1
398 78 2 1
399 78 2 1
400 78 2 1
401 78 2 1
402 78 2 1
403 78 2 1
404 78 2 1
405 78 2 1
406 78 2 1
226 94 6 1
227 94 6 1
228 94 6 1
229 94 6 1
230 94 6 1
231 94 6 1
232 94 6 1
233 94 6 1
234 94 6 1
235 94 6 1
236 94 6 1
237 94 6 1
27 281 12 1
238 94 6 1
28 281 12 1
149 32 7 0
239 94 6 1
29 281 12 1
150 32 7 0
240 94 6 1
30 281 12 1
151 32 7 0
241 94 6 1
31 281 12 1
152 32 7 0
242 94 6 1
32 281 12 1
153 32 7 0
243 94 6 1
33 281 12 1
154 32 7 0
244 94 6 1
155 32 7 0
245 94 6 1
156 32 7 0
246 94 6 1
157 32 7 0
247 94 6 1
158 32 7 0
248 94 6 1
159 32 7 0
249 94 6 1
160 32 7 0
250 94 6 1
161 32 7 0
251 94 6 1
162 32 7 0
252 94 6 1
163 32 7 0
253 94 6 1
164 32 7 0
254 94 6 1
255 94 6 1
256 94 6 1
257 94 6 1
258 94 6 1
259 94 6 1
260 94 6 1
261 94 6 1
262 94 6 1
263 94 6 1
264 94 6 1
265 94 6 1
266 94 6 1
267 94 6 1
268 94 6 1
269 94 6 1
270 94 6 1
271 94 6 1
272 94 6 1
273 94 6 1
274 94 6 1
275 94 6 1
276 94 6 1
277 94 6 1
278 94 6 1
404 86 2 1
405 86 2 1
406 86 2 1
407 86 2 1
408 86 2 1
409 86 2 1
410 86 2 1
132 141 11 0
133 141 11 0
134 141 11 0
135 141 11 0
136 141 11 0
135 40 7 0
136 40 7 0
137 40 7 0
138 40 7 0
139 40 7 0
140 40 7 0
141 40 7 0
142 40 7 0
143 40 7 0
144 40 7 0
145 40 7 0
146 40 7 0
147 40 7 0
148 40 7 0
149 40 7 0
407 94 2 1
408 94 2 1
409 94 2 1
410 94 2 1
411 94 2 1
412 94 2 1
413 94 2 1
114 48 7 0
115 48 7 0
116 48 7 0
117 48 7 0
118 48 7 0
119 48 7 0
120 48 7 0
121 48 7 0
122 48 7 0
123 48 7 0
124 48 7 0
125 48 7 0
126 48 7 0
127 48 7 0
128 48 7 0
129 48 7 0
130 48 7 0
131 48 7 0
132 48 7 0
133 48 7 0
71 157 9 0
72 157 9 0
73 157 9 0
74 157 9 0
75 157 9 0
76 157 9 0
77 157 9 0
78 157 9 0
124 188 10 0
79 157 9 0
125 188 10 0
126 188 10 0
127 188 10 0
128 188 10 0
129 188 10 0
130 188 10 0
131 188 10 0
132 188 10 0
242 180 6 0
243 180 6 0
244 180 6 0
245 180 6 0
246 180 6 0
247 180 6 0
248 180 6 0
76 227 7 0
77 227 7 0
78 227 7 0
79 227 7 0
80 227 7 0
81 227 7 0
82 227 7 0
83 227 7 0
27 266 12 1
28 266 12 1
29 266 12 1
30 266 12 1
31 266 12 1
32 266 12 1
33 266 12 1
408 102 2 1
409 102 2 1
64 196 8 1
410 102 2 1
65 196 8 1
411 102 2 1
66 196 8 1
412 102 2 1
67 196 8 1
68 196 8 1
69 196 8 1
70 196 8 1
71 196 8 1
188 87 6 1
189 87 6 1
190 87 6 1
191 87 6 1
192 87 6 1
193 87 6 1
194 87 6 1
195 87 6 1
196 87 6 1
197 87 6 1
198 87 6 1
199 87 6 1
200 87 6 1
201 87 6 1
202 87 6 1
203 87 6 1
204 87 6 1
205 87 6 1
206 87 6 1
124 196 10 0
207 87 6 1
208 87 6 1
209 87 6 1
210 87 6 1
211 87 6 1
212 87 6 1
213 87 6 1
214 87 6 1
215 87 6 1
216 87 6 1
217 87 6 1
218 87 6 1
219 87 6 1
220 87 6 1
221 87 6 1
222 87 6 1
223 87 6 1
224 87 6 1
250 188 6 0
225 87 6 1
251 188 6 0
252 188 6 0
253 188 6 0
254 188 6 0
255 188 6 0
256 188 6 0
84 235 7 0
257 188 6 0
85 235 7 0
258 188 6 0
86 235 7 0
259 188 6 0
87 235 7 0
260 188 6 0
88 235 7 0
261 188 6 0
89 235 7 0
262 188 6 0
90 235 7 0
263 188 6 0
27 274 12 1
91 235 7 0
264 188 6 0
28 274 12 1
92 235 7 0
265 188 6 0
29 274 12 1
93 235 7 0
266 188 6 0
30 274 12 1
267 188 6 0
31 274 12 1
268 188 6 0
32 274 12 1
269 188 6 0
33 274 12 1
270 188 6 0
271 188 6 0
272 188 6 0
273 188 6 0
274 188 6 0
275 188 6 0
276 188 6 0
161 25 7 0
277 188 6 0
278 188 6 0
162 25 7 0
279 188 6 0
163 25 7 0
280 188 6 0
164 25 7 0
281 188 6 0
165 25 7 0
282 188 6 0
166 25 7 0
283 188 6 0
167 25 7 0
284 188 6 0
168 25 7 0
285 188 6 0
169 25 7 0
286 188 6 0
170 25 7 0
171 25 7 0
172 25 7 0
173 25 7 0
174 25 7 0
394 79 2 1
395 79 2 1
396 79 2 1
397 79 2 1
398 79 2 1
399 79 2 1
400 79 2 1
401 79 2 1
402 79 2 1
403 79 2 1
404 79 2 1
405 79 2 1
406 79 2 1
147 33 7 0
148 33 7 0
28 282 12 1
149 33 7 0
29 282 12 1
150 33 7 0
30 282 12 1
151 33 7 0
31 282 12 1
152 33 7 0
32 282 12 1
153 33 7 0
154 33 7 0
155 33 7 0
156 33 7 0
157 33 7 0
158 33 7 0
159 33 7 0
160 33 7 0
161 33 7 0
162 33 7 0
404 87 2 1
405 87 2 1
406 87 2 1
407 87 2 1
408 87 2 1
409 87 2 1
410 87 2 1
411 87 2 1
132 142 11 0
133 142 11 0
134 142 11 0
135 142 11 0
136 142 11 0
133 41 7 0
134 41 7 0
135 41 7 0
136 41 7 0
137 41 7 0
138 41 7 0
139 41 7 0
140 41 7 0
141 41 7 0
142 41 7 0
143 41 7 0
144 41 7 0
145 41 7 0
146 41 7 0
147 41 7 0
407 95 2 1
408 95 2 1
409 95 2 1
410 95 2 1
411 95 2 1
412 95 2 1
413 95 2 1
114 49 7 0
115 49 7 0
116 49 7 0
117 49 7 0
118 49 7 0
119 49 7 0
120 49 7 0
121 49 7 0
122 49 7 0
123 49 7 0
124 49 7 0
125 49 7 0
126 49 7 0
127 49 7 0
128 49 7 0
129 49 7 0
130 49 7 0
131 49 7 0
70 158 9 0
71 158 9 0
72 158 9 0
73 158 9 0
74 158 9 0
75 158 9 0
76 158 9 0
77 158 9 0
123 189 10 0
78 158 9 0
124 189 10 0
79 158 9 0
125 189 10 0
80 158 9 0
126 189 10 0
127 189 10 0
128 189 10 0
129 189 10 0
130 189 10 0
131 189 10 0
132 189 10 0
242 181 6 0
243 181 6 0
244 181 6 0
245 181 6 0
246 181 6 0
247 181 6 0
75 228 7 0
248 181 6 0
76 228 7 0
249 181 6 0
77 228 7 0
250 181 6 0
78 228 7 0
79 228 7 0
80 228 7 0
81 228 7 0
82 228 7 0
83 228 7 0
84 228 7 0
85 228 7 0
27 267 12 1
28 267 12 1
29 267 12 1
30 267 12 1
31 267 12 1
32 267 12 1
33 267 12 1
64 197 8 1
410 103 2 1
65 197 8 1
66 197 8 1
67 197 8 1
68 197 8 1
69 197 8 1
70 197 8 1
190 88 6 1
191 88 6 1
192 88 6 1
193 88 6 1
194 88 6 1
195 88 6 1
196 88 6 1
197 88 6 1
198 88 6 1
199 88 6 1
200 88 6 1
201 88 6 1
202 88 6 1
203 88 6 1
204 88 6 1
205 88 6 1
206 88 6 1
207 88 6 1
208 88 6 1
209 88 6 1
210 88 6 1
211 88 6 1
212 88 6 1
213 88 6 1
214 88 6 1
215 88 6 1
216 88 6 1
217 88 6 1
218 88 6 1
219 88 6 1
220 88 6 1
221 88 6 1
222 88 6 1
223 88 6 1
224 88 6 1
225 88 6 1
226 88 6 1
252 189 6 0
227 88 6 1
253 189 6 0
228 88 6 1
254 189 6 0
229 88 6 1
255 189 6 0
230 88 6 1
256 189 6 0
231 88 6 1
257 189 6 0
232 88 6 1
258 189 6 0
233 88 6 1
259 189 6 0
86 236 7 0
234 88 6 1
260 189 6 0
87 236 7 0
235 88 6 1
261 189 6 0
88 236 7 0
236 88 6 1
262 189 6 0
89 236 7 0
237 88 6 1
263 189 6 0
90 236 7 0
27 275 12 1
238 88 6 1
264 189 6 0
91 236 7 0
28 275 12 1
239 88 6 1
265 189 6 0
92 236 7 0
29 275 12 1
240 88 6 1
266 189 6 0
93 236 7 0
30 275 12 1
241 88 6 1
267 189 6 0
31 275 12 1
242 88 6 1
268 189 6 0
32 275 12 1
243 88 6 1
269 189 6 0
33 275 12 1
244 88 6 1
270 189 6 0
245 88 6 1
271 189 6 0
246 88 6 1
272 189 6 0
247 88 6 1
273 189 6 0
248 88 6 1
274 189 6 0
249 88 6 1
275 189 6 0
250 88 6 1
276 189 6 0
160 26 7 0
251 88 6 1
277 189 6 0
161 26 7 0
252 88 6 1
278 189 6 0
162 26 7 0
253 88 6 1
279 189 6 0
163 26 7 0
254 88 6 1
280 189 6 0
164 26 7 0
255 88 6 1
281 189 6 0
165 26 7 0
256 88 6 1
282 189 6 0
166 26 7 0
257 88 6 1
283 189 6 0
167 26 7 0
258 88 6 1
284 189 6 0
168 26 7 0
259 88 6 1
285 189 6 0
169 26 7 0
260 88 6 1
286 189 6 0
170 26 7 0
261 88 6 1
171 26 7 0
262 88 6 1
172 26 7 0
263 88 6 1
173 26 7 0
264 88 6 1
265 88 6 1
266 88 6 1
267 88 6 1
268 88 6 1
269 88 6 1
270 88 6 1
271 88 6 1
272 88 6 1
273 88 6 1
274 88 6 1
275 88 6 1
276 88 6 1
277 88 6 1
278 88 6 1
396 80 2 1
397 80 2 1
398 80 2 1
399 80 2 1
400 80 2 1
401 80 2 1
402 80 2 1
403 80 2 1
404 80 2 1
405 80 2 1
406 80 2 1
407 80 2 1
146 34 7 0
147 34 7 0
148 34 7 0
28 283 12 1
149 34 7 0
29 283 12 1
150 34 7 0
30 283 12 1
151 34 7 0
31 283 12 1
152 34 7 0
32 283 12 1
153 34 7 0
154 34 7 0
155 34 7 0
156 34 7 0
157 34 7 0
158 34 7 0
159 34 7 0
160 34 7 0
405 88 2 1
406 88 2 1
407 88 2 1
408 88 2 1
409 88 2 1
410 88 2 1
411 88 2 1
134 143 11 0
131 42 7 0
132 42 7 0
133 42 7 0
134 42 7 0
135 42 7 0
136 42 7 0
137 42 7 0
138 42 7 0
139 42 7 0
140 42 7 0
141 42 7 0
142 42 7 0
143 42 7 0
144 42 7 0
145 42 7 0
407 96 2 1
408 96 2 1
409 96 2 1
410 96 2 1
411 96 2 1
412 96 2 1
413 96 2 1
68 190 8 1
113 50 7 0
114 50 7 0
115 50 7 0
116 50 7 0
117 50 7 0
118 50 7 0
119 50 7 0
120 50 7 0
121 50 7 0
122 50 7 0
123 50 7 0
124 50 7 0
125 50 7 0
126 50 7 0
127 50 7 0
128 50 7 0
129 50 7 0
71 159 9 0
72 159 9 0
73 159 9 0
74 159 9 0
75 159 9 0
76 159 9 0
122 190 10 0
77 159 9 0
123 190 10 0
78 159 9 0
124 190 10 0
79 159 9 0
125 190 10 0
126 190 10 0
127 190 10 0
128 190 10 0
129 190 10 0
130 190 10 0
131 190 10 0
241 182 6 0
242 182 6 0
243 182 6 0
244 182 6 0
245 182 6 0
246 182 6 0
247 182 6 0
248 182 6 0
76 229 7 0
249 182 6 0
77 229 7 0
250 182 6 0
78 229 7 0
251 182 6 0
79 229 7 0
252 182 6 0
80 229 7 0
81 229 7 0
82 229 7 0
83 229 7 0
84 229 7 0
85 229 7 0
86 229 7 0
87 229 7 0
27 268 12 1
28 268 12 1
29 268 12 1
30 268 12 1
31 268 12 1
32 268 12 1
33 268 12 1
65 198 8 1
66 198 8 1
67 198 8 1
68 198 8 1
69 198 8 1
70 198 8 1
193 89 6 1
194 89 6 1
195 89 6 1
196 89 6 1
197 89 6 1
198 89 6 1
199 89 6 1
200 89 6 1
201 89 6 1
202 89 6 1
203 89 6 1
204 89 6 1
205 89 6 1
206 89 6 1
207 89 6 1
208 89 6 1
209 89 6 1
210 89 6 1
211 89 6 1
212 89 6 1
213 89 6 1
214 89 6 1
215 89 6 1
216 89 6 1
217 89 6 1
218 89 6 1
219 89 6 1
220 89 6 1
221 89 6 1
222 89 6 1
223 89 6 1
224 89 6 1
225 89 6 1
226 89 6 1
227 89 6 1
228 89 6 1
229 89 6 1
230 89 6 1
231 89 6 1
232 89 6 1
258 190 6 0
233 89 6 1
259 190 6 0
234 89 6 1
260 190 6 0
235 89 6 1
261 190 6 0
236 89 6 1
262 190 6 0
237 89 6 1
263 190 6 0
90 237 7 0
27 276 12 1
238 89 6 1
264 190 6 0
91 237 7 0
28 276 12 1
239 89 6 1
265 190 6 0
29 276 12 1
240 89 6 1
266 190 6 0
30 276 12 1
241 89 6 1
267 190 6 0
31 276 12 1
242 89 6 1
268 190 6 0
32 276 12 1
243 89 6 1
269 190 6 0
33 276 12 1
244 89 6 1
270 190 6 0
245 89 6 1
271 190 6 0
246 89 6 1
272 190 6 0
247 89 6 1
273 190 6 0
248 89 6 1
274 190 6 0
249 89 6 1
275 190 6 0
250 89 6 1
276 190 6 0
160 27 7 0
251 89 6 1
277 190 6 0
161 27 7 0
252 89 6 1
278 190 6 0
162 27 7 0
253 89 6 1
279 190 6 0
163 27 7 0
254 89 6 1
280 190 6 0
164 27 7 0
255 89 6 1
281 190 6 0
165 27 7 0
256 89 6 1
282 190 6 0
166 27 7 0
257 89 6 1
283 190 6 0
167 27 7 0
258 89 6 1
284 190 6 0
168 27 7 0
259 89 6 1
285 190 6 0
169 27 7 0
260 89 6 1
286 190 6 0
170 27 7 0
261 89 6 1
287 190 6 0
171 27 7 0
262 89 6 1
263 89 6 1
264 89 6 1
265 89 6 1
266 89 6 1
267 89 6 1
268 89 6 1
269 89 6 1
270 89 6 1
271 89 6 1
272 89 6 1
273 89 6 1
274 89 6 1
275 89 6 1
276 89 6 1
277 89 6 1
278 89 6 1
279 89 6 1
280 89 6 1
399 81 2 1
400 81 2 1
401 81 2 1
402 81 2 1
403 81 2 1
404 81 2 1
405 81 2 1
406 81 2 1
407 81 2 1
145 35 7 0
146 35 7 0
147 35 7 0
148 35 7 0
149 35 7 0
150 35 7 0
30 284 12 1
151 35 7 0
152 35 7 0
153 35 7 0
154 35 7 0
155 35 7 0
156 35 7 0
157 35 7 0
158 35 7 0
405 89 2 1
406 89 2 1
407 89 2 1
408 89 2 1
409 89 2 1
410 89 2 1
411 89 2 1
412 89 2 1
129 43 7 0
130 43 7 0
131 43 7 0
132 43 7 0
133 43 7 0
134 43 7 0
135 43 7 0
136 43 7 0
137 43 7 0
138 43 7 0
139 43 7 0
140 43 7 0
141 43 7 0
142 43 7 0
407 97 2 1
408 97 2 1
409 97 2 1
410 97 2 1
411 97 2 1
66 191 8 1
412 97 2 1
67 191 8 1
413 97 2 1
68 191 8 1
69 191 8 1
70 191 8 1
114 51 7 0
115 51 7 0
116 51 7 0
117 51 7 0
118 51 7 0
119 51 7 0
120 51 7 0
121 51 7 0
122 51 7 0
123 51 7 0
124 51 7 0
125 51 7 0
126 51 7 0
127 51 7 0
128 51 7 0
190 82 6 1
191 82 6 1
192 82 6 1
193 82 6 1
71 160 9 0
72 160 9 0
73 160 9 0
74 160 9 0
75 160 9 0
76 160 9 0
122 191 10 0
77 160 9 0
123 191 10 0
78 160 9 0
124 191 10 0
79 160 9 0
125 191 10 0
126 191 10 0
127 191 10 0
128 191 10 0
129 191 10 0
130 191 10 0
131 191 10 0
242 183 6 0
243 183 6 0
244 183 6 0
245 183 6 0
246 183 6 0
247 183 6 0
248 183 6 0
76 230 7 0
249 183 6 0
77 230 7 0
250 183 6 0
78 230 7 0
251 183 6 0
79 230 7 0
252 183 6 0
80 230 7 0
253 183 6 0
81 230 7 0
254 183 6 0
255 183 6 0
82 230 7 0
256 183 6 0
83 230 7 0
257 183 6 0
84 230 7 0
85 230 7 0
86 230 7 0
87 230 7 0
88 230 7 0
89 230 7 0
27 269 12 1
28 269 12 1
29 269 12 1
30 269 12 1
31 269 12 1
32 269 12 1
33 269 12 1
65 199 8 1
66 199 8 1
67 199 8 1
68 199 8 1
69 199 8 1
171 20 7 0
172 20 7 0
396 74 2 1
397 74 2 1
398 74 2 1
399 74 2 1
199 90 6 1
200 90 6 1
201 90 6 1
202 90 6 1
203 90 6 1
204 90 6 1
205 90 6 1
206 90 6 1
207 90 6 1
208 90 6 1
209 90 6 1
210 90 6 1
211 90 6 1
212 90 6 1
213 90 6 1
214 90 6 1
215 90 6 1
216 90 6 1
217 90 6 1
218 90 6 1
219 90 6 1
220 90 6 1
221 90 6 1
222 90 6 1
223 90 6 1
224 90 6 1
225 90 6 1
226 90 6 1
227 90 6 1
228 90 6 1
229 90 6 1
230 90 6 1
231 90 6 1
232 90 6 1
233 90 6 1
234 90 6 1
235 90 6 1
262 191 6 0
236 90 6 1
263 191 6 0
237 90 6 1
27 277 12 1
264 191 6 0
238 90 6 1
28 277 12 1
265 191 6 0
239 90 6 1
29 277 12 1
266 191 6 0
240 90 6 1
30 277 12 1
267 191 6 0
241 90 6 1
31 277 12 1
268 191 6 0
242 90 6 1
32 277 12 1
269 191 6 0
243 90 6 1
33 277 12 1
270 191 6 0
244 90 6 1
271 191 6 0
245 90 6 1
272 191 6 0
246 90 6 1
273 191 6 0
157 28 7 0
247 90 6 1
274 191 6 0
158 28 7 0
248 90 6 1
275 191 6 0
159 28 7 0
249 90 6 1
276 191 6 0
160 28 7 0
250 90 6 1
277 191 6 0
161 28 7 0
251 90 6 1
278 191 6 0
162 28 7 0
252 90 6 1
279 191 6 0
163 28 7 0
253 90 6 1
280 191 6 0
164 28 7 0
254 90 6 1
281 191 6 0
165 28 7 0
255 90 6 1
282 191 6 0
166 28 7 0
256 90 6 1
283 191 6 0
167 28 7 0
257 90 6 1
284 191 6 0
168 28 7 0
258 90 6 1
285 191 6 0
169 28 7 0
259 90 6 1
286 191 6 0
170 28 7 0
260 90 6 1
261 90 6 1
262 90 6 1
263 90 6 1
264 90 6 1
265 90 6 1
266 90 6 1
267 90 6 1
268 90 6 1
269 90 6 1
270 90 6 1
271 90 6 1
272 90 6 1
273 90 6 1
274 90 6 1
275 90 6 1
276 90 6 1
277 90 6 1
278 90 6 1
279 90 6 1
280 90 6 1
401 82 2 1
402 82 2 1
403 82 2 1
404 82 2 1
405 82 2 1
406 82 2 1
407 82 2 1
408 82 2 1
134 137 11 0
141 36 7 0
142 36 7 0
143 36 7 0
144 36 7 0
145 36 7 0
146 36 7 0
147 36 7 0
148 36 7 0
149 36 7 0
150 36 7 0
151 36 7 0
152 36 7 0
153 36 7 0
154 36 7 0
155 36 7 0
156 36 7 0
406 90 2 1
407 90 2 1
408 90 2 1
409 90 2 1
410 90 2 1
411 90 2 1
412 90 2 1
127 44 7 0
128 44 7 0
129 44 7 0
130 44 7 0
131 44 7 0
132 44 7 0
133 44 7 0
134 44 7 0
135 44 7 0
136 44 7 0
137 44 7 0
138 44 7 0
139 44 7 0
140 44 7 0
141 44 7 0
407 98 2 1
408 98 2 1
409 98 2 1
410 98 2 1
411 98 2 1
66 192 8 1
412 98 2 1
67 192 8 1
413 98 2 1
68 192 8 1
69 192 8 1
70 192 8 1
114 52 7 0
115 52 7 0
116 52 7 0
117 52 7 0
118 52 7 0
119 52 7 0
120 52 7 0
121 52 7 0
122 52 7 0
123 52 7 0
124 52 7 0
125 52 7 0
126 52 7 0
188 83 6 1
189 83 6 1
190 83 6 1
191 83 6 1
192 83 6 1
193 83 6 1
194 83 6 1
195 83 6 1
196 83 6 1
197 83 6 1
198 83 6 1
73 161 9 0
74 161 9 0
75 161 9 0
121 192 10 0
76 161 9 0
122 192 10 0
77 161 9 0
123 192 10 0
124 192 10 0
125 192 10 0
126 192 10 0
127 192 10 0
128 192 10 0
129 192 10 0
242 184 6 0
243 184 6 0
244 184 6 0
245 184 6 0
246 184 6 0
247 184 6 0
248 184 6 0
249 184 6 0
77 231 7 0
250 184 6 0
78 231 7 0
251 184 6 0
79 231 7 0
252 184 6 0
80 231 7 0
253 184 6 0
81 231 7 0
254 184 6 0
255 184 6 0
82 231 7 0
256 184 6 0
83 231 7 0
257 184 6 0
84 231 7 0
258 184 6 0
85 231 7 0
259 184 6 0
86 231 7 0
260 184 6 0
87 231 7 0
261 184 6 0
88 231 7 0
262 184 6 0
89 231 7 0
90 231 7 0
27 270 12 1
91 231 7 0
28 270 12 1
29 270 12 1
30 270 12 1
31 270 12 1
32 270 12 1
33 270 12 1
67 200 8 1
169 21 7 0
170 21 7 0
171 21 7 0
172 21 7 0
173 21 7 0
174 21 7 0
394 75 2 1
395 75 2 1
396 75 2 1
397 75 2 1
398 75 2 1
399 75 2 1
400 75 2 1
401 75 2 1
206 91 6 1
207 91 6 1
208 91 6 1
209 91 6 1
210 91 6 1
211 91 6 1
212 91 6 1
213 91 6 1
214 91 6 1
215 91 6 1
216 91 6 1
217 91 6 1
218 91 6 1
219 91 6 1
220 91 6 1
221 91 6 1
222 91 6 1
223 91 6 1
224 91 6 1
225 91 6 1
226 91 6 1
227 91 6 1
228 91 6 1
229 91 6 1
230 91 6 1
231 91 6 1
232 91 6 1
233 91 6 1
234 91 6 1
235 91 6 1
236 91 6 1
237 91 6 1
27 278 12 1
238 91 6 1
264 192 6 0
28 278 12 1
239 91 6 1
265 192 6 0
29 278 12 1
240 91 6 1
266 192 6 0
30 278 12 1
241 91 6 1
267 192 6 0
31 278 12 1
242 91 6 1
268 192 6 0
32 278 12 1
243 91 6 1
269 192 6 0
33 278 12 1
244 91 6 1
270 192 6 0
245 91 6 1
271 192 6 0
155 29 7 0
246 91 6 1
272 192 6 0
156 29 7 0
247 91 6 1
273 192 6 0
157 29 7 0
248 91 6 1
274 192 6 0
158 29 7 0
249 91 6 1
275 192 6 0
159 29 7 0
250 91 6 1
276 192 6 0
160 29 7 0
251 91 6 1
277 192 6 0
161 29 7 0
252 91 6 1
278 192 6 0
162 29 7 0
253 91 6 1
279 192 6 0
163 29 7 0
254 91 6 1
280 192 6 0
164 29 7 0
255 91 6 1
281 192 6 0
165 29 7 0
256 91 6 1
282 192 6 0
166 29 7 0
257 91 6 1
283 192 6 0
167 29 7 0
258 91 6 1
284 192 6 0
168 29 7 0
259 91 6 1
285 192 6 0
260 91 6 1
286 192 6 0
261 91 6 1
262 91 6 1
263 91 6 1
264 91 6 1
265 91 6 1
266 91 6 1
267 91 6 1
268 91 6 1
269 91 6 1
270 91 6 1
271 91 6 1
272 91 6 1
273 91 6 1
274 91 6 1
275 91 6 1
276 91 6 1
277 91 6 1
278 91 6 1
279 91 6 1
280 91 6 1
281 91 6 1
402 83 2 1
403 83 2 1
404 83 2 1
405 83 2 1
406 83 2 1
407 83 2 1
408 83 2 1
409 83 2 1
132 138 11 0
133 138 11 0
134 138 11 0
135 138 11 0
136 138 11 0
139 37 7 0
140 37 7 0
141 37 7 0
142 37 7 0
143 37 7 0
144 37 7 0
145 37 7 0
146 37 7 0
147 37 7 0
148 37 7 0
149 37 7 0
150 37 7 0
151 37 7 0
152 37 7 0
153 37 7 0
154 37 7 0
155 37 7 0
406 91 2 1
407 91 2 1
408 91 2 1
409 91 2 1
410 91 2 1
411 91 2 1
412 91 2 1
125 45 7 0
126 45 7 0
127 45 7 0
128 45 7 0
129 45 7 0
130 45 7 0
131 45 7 0
132 45 7 0
133 45 7 0
134 45 7 0
135 45 7 0
136 45 7 0
137 45 7 0
138 45 7 0
139 45 7 0
129 185 10 0
30 263 12 1
407 99 2 1
408 99 2 1
409 99 2 1
410 99 2 1
65 193 8 1
411 99 2 1
66 193 8 1
412 99 2 1
67 193 8 1
413 99 2 1
68 193 8 1
69 193 8 1
70 193 8 1
71 193 8 1
116 53 7 0
117 53 7 0
118 53 7 0
119 53 7 0
120 53 7 0
121 53 7 0
188 84 6 1
189 84 6 1
190 84 6 1
191 84 6 1
192 84 6 1
193 84 6 1
194 84 6 1
195 84 6 1
196 84 6 1
197 84 6 1
198 84 6 1
199 84 6 1
200 84 6 1
201 84 6 1
202 84 6 1
203 84 6 1
121 193 10 0
204 84 6 1
122 193 10 0
205 84 6 1
123 193 10 0
124 193 10 0
125 193 10 0
126 193 10 0
127 193 10 0
128 193 10 0
244 185 6 0
245 185 6 0
246 185 6 0
247 185 6 0
248 185 6 0
249 185 6 0
250 185 6 0
78 232 7 0
251 185 6 0
79 232 7 0
252 185 6 0
80 232 7 0
253 185 6 0
81 232 7 0
254 185 6 0
255 185 6 0
82 232 7 0
256 185 6 0
83 232 7 0
257 185 6 0
84 232 7 0
258 185 6 0
85 232 7 0
259 185 6 0
86 232 7 0
260 185 6 0
87 232 7 0
261 185 6 0
88 232 7 0
262 185 6 0
89 232 7 0
263 185 6 0
90 232 7 0
27 271 12 1
264 185 6 0
91 232 7 0
28 271 12 1
92 232 7 0
29 271 12 1
93 232 7 0
30 271 12 1
31 271 12 1
32 271 12 1
33 271 12 1
167 22 7 0
168 22 7 0
169 22 7 0
170 22 7 0
171 22 7 0
172 22 7 0
173 22 7 0
174 22 7 0
394 76 2 1
395 76 2 1
396 76 2 1
397 76 2 1
398 76 2 1
399 76 2 1
400 76 2 1
401 76 2 1
402 76 2 1
403 76 2 1
211 92 6 1
212 92 6 1
213 92 6 1
214 92 6 1
215 92 6 1
216 92 6 1
217 92 6 1
218 92 6 1
219 92 6 1
220 92 6 1
221 92 6 1
222 92 6 1
223 92 6 1
224 92 6 1
225 92 6 1
226 92 6 1
227 92 6 1
228 92 6 1
229 92 6 1
230 92 6 1
231 92 6 1
232 92 6 1
233 92 6 1
234 92 6 1
235 92 6 1
236 92 6 1
237 92 6 1
27 279 12 1
238 92 6 1
28 279 12 1
239 92 6 1
29 279 12 1
240 92 6 1
30 279 12 1
241 92 6 1
31 279 12 1
242 92 6 1
32 279 12 1
243 92 6 1
33 279 12 1
244 92 6 1
154 30 7 0
245 92 6 1
155 30 7 0
246 92 6 1
156 30 7 0
247 92 6 1
157 30 7 0
248 92 6 1
158 30 7 0
249 92 6 1
159 30 7 0
250 92 6 1
160 30 7 0
251 92 6 1
161 30 7 0
252 92 6 1
162 30 7 0
253 92 6 1
279 193 6 0
163 30 7 0
254 92 6 1
280 193 6 0
164 30 7 0
255 92 6 1
281 193 6 0
165 30 7 0
256 92 6 1
282 193 6 0
257 92 6 1
283 193 6 0
258 92 6 1
284 193 6 0
259 92 6 1
260 92 6 1
261 92 6 1
262 92 6 1
263 92 6 1
264 92 6 1
265 92 6 1
266 92 6 1
267 92 6 1
268 92 6 1
269 92 6 1
270 92 6 1
271 92 6 1
272 92 6 1
273 92 6 1
274 92 6 1
275 92 6 1
276 92 6 1
277 92 6 1
278 92 6 1
279 92 6 1
280 92 6 1
403 84 2 1
404 84 2 1
405 84 2 1
406 84 2 1
407 84 2 1
408 84 2 1
409 84 2 1
132 139 11 0
133 139 11 0
134 139 11 0
135 139 11 0
136 139 11 0
138 38 7 0
139 38 7 0
140 38 7 0
141 38 7 0
142 38 7 0
143 38 7 0
144 38 7 0
145 38 7 0
146 38 7 0
147 38 7 0
148 38 7 0
149 38 7 0
150 38 7 0
151 38 7 0
152 38 7 0
153 38 7 0
406 92 2 1
407 92 2 1
408 92 2 1
409 92 2 1
410 92 2 1
411 92 2 1
412 92 2 1
121 46 7 0
122 46 7 0
123 46 7 0
124 46 7 0
125 46 7 0
126 46 7 0
127 46 7 0
128 46 7 0
129 46 7 0
130 46 7 0
131 46 7 0
132 46 7 0
133 46 7 0
134 46 7 0
135 46 7 0
136 46 7 0
137 46 7 0
73 155 9 0
74 155 9 0
75 155 9 0
76 155 9 0
77 155 9 0
127 186 10 0
128 186 10 0
129 186 10 0
130 186 10 0
131 186 10 0
78 225 7 0
28 264 12 1
29 264 12 1
30 264 12 1
31 264 12 1
32 264 12 1
407 100 2 1
408 100 2 1
409 100 2 1
410 100 2 1
65 194 8 1
411 100 2 1
66 194 8 1
412 100 2 1
67 194 8 1
413 100 2 1
68 194 8 1
69 194 8 1
70 194 8 1
71 194 8 1
187 85 6 1
188 85 6 1
189 85 6 1
190 85 6 1
191 85 6 1
192 85 6 1
193 85 6 1
194 85 6 1
195 85 6 1
196 85 6 1
197 85 6 1
198 85 6 1
199 85 6 1
200 85 6 1
201 85 6 1
202 85 6 1
203 85 6 1
204 85 6 1
122 194 10 0
205 85 6 1
123 194 10 0
206 85 6 1
124 194 10 0
207 85 6 1
125 194 10 0
208 85 6 1
126 194 10 0
209 85 6 1
127 194 10 0
210 85 6 1
246 186 6 0
247 186 6 0
248 186 6 0
249 186 6 0
250 186 6 0
251 186 6 0
252 186 6 0
80 233 7 0
253 186 6 0
81 233 7 0
254 186 6 0
82 233 7 0
255 186 6 0
256 186 6 0
83 233 7 0
257 186 6 0
84 233 7 0
258 186 6 0
85 233 7 0
259 186 6 0
86 233 7 0
260 186 6 0
87 233 7 0
261 186 6 0
88 233 7 0
262 186 6 0
89 233 7 0
263 186 6 0
90 233 7 0
27 272 12 1
264 186 6 0
91 233 7 0
28 272 12 1
265 186 6 0
92 233 7 0
29 272 12 1
266 186 6 0
93 233 7 0
30 272 12 1
267 186 6 0
31 272 12 1
268 186 6 0
32 272 12 1
269 186 6 0
610
1 6 1 190 85 3
1 6 1 190 85 3
1 6 1 191 85 3
1 6 1 191 85 3
1 6 1 192 85 3
1 6 1 192 85 3
1 6 1 193 85 3
1 6 1 193 85 3
1 6 1 193 86 3
1 6 1 193 86 3
1 6 1 194 86 3
1 6 1 194 86 3
1 6 1 195 86 3
1 6 1 195 86 3
1 6 1 196 86 3
1 6 1 196 86 3
1 6 1 197 86 3
1 6 1 197 86 3
1 6 1 198 86 3
1 6 1 198 86 3
1 6 1 199 87 3
1 6 1 199 87 3
1 6 1 200 87 3
1 6 1 200 87 3
1 6 1 201 87 3
1 6 1 201 87 3
1 6 1 202 87 3
1 6 1 202 87 3
1 6 1 203 87 3
1 6 1 203 87 3
1 6 1 204 87 3
1 6 1 204 87 3
1 6 1 205 87 3
1 6 1 205 87 3
1 6 1 206 88 3
1 6 1 206 88 3
1 6 1 207 88 3
1 6 1 207 88 3
1 6 1 208 88 3
1 6 1 208 88 3
1 6 1 209 88 3
1 6 1 209 88 3
1 6 1 210 88 3
1 6 1 210 88 3
1 6 1 211 89 3
1 6 1 211 89 3
1 6 1 212 89 3
1 6 1 212 89 3
1 6 1 213 89 3
1 6 1 213 89 3
1 6 1 214 90 3
1 6 1 214 90 3
1 6 1 215 90 3
1 6 1 215 90 3
1 6 1 216 90 3
1 6 1 216 90 3
1 6 1 217 90 3
1 6 1 217 90 3
1 6 1 218 90 3
1 6 1 218 90 3
1 6 1 219 90 3
1 6 1 219 90 3
1 6 1 220 90 3
1 6 1 220 90 3
1 6 1 221 90 3
1 6 1 221 90 3
1 6 1 222 90 3
1 6 1 222 90 3
1 6 1 223 90 3
1 6 1 223 90 3
1 6 1 224 90 3
1 6 1 224 90 3
1 6 1 225 90 3
1 6 1 225 90 3
1 6 1 226 91 3
1 6 1 226 91 3
1 6 1 227 91 3
1 6 1 227 91 3
1 6 1 228 91 3
1 6 1 228 91 3
1 6 1 229 91 3
1 6 1 229 91 3
1 6 1 230 91 3
1 6 1 230 91 3
1 6 1 231 91 3
1 6 1 231 91 3
1 6 1 232 91 3
1 6 1 232 91 3
1 6 1 233 91 3
1 6 1 233 91 3
1 6 1 234 91 3
1 6 1 234 91 3
1 6 1 235 91 3
1 6 1 235 91 3
1 6 1 236 91 3
1 6 1 236 91 3
1 6 1 237 91 3
1 6 1 237 91 3
1 6 1 238 91 3
1 6 1 238 91 3
1 6 1 239 91 3
1 6 1 239 91 3
1 6 1 240 91 3
1 6 1 240 91 3
1 6 1 241 91 3
1 6 1 241 91 3
1 6 1 242 91 3
1 6 1 242 91 3
1 6 1 243 91 3
1 6 1 243 91 3
1 6 1 244 91 3
1 6 1 244 91 3
1 6 1 245 91 3
1 6 1 245 91 3
1 6 1 246 91 3
1 6 1 246 91 3
1 6 1 247 91 3
1 6 1 247 91 3
1 6 1 248 91 3
1 6 1 248 91 3
1 6 1 249 91 3
1 6 1 249 91 3
1 6 1 250 91 3
1 6 1 250 91 3
1 6 1 251 91 3
1 6 1 251 91 3
1 6 1 252 91 3
1 6 1 252 91 3
1 6 1 253 91 3
1 6 1 253 91 3
1 6 1 254 91 3
1 6 1 254 91 3
1 6 1 255 91 3
1 6 1 255 91 3
1 6 1 256 91 3
1 6 1 256 91 3
1 6 1 257 91 3
1 6 1 257 91 3
1 6 1 258 91 3
1 6 1 258 91 3
1 6 1 259 91 3
1 6 1 259 91 3
1 6 1 260 91 3
1 6 1 260 91 3
1 6 1 261 91 3
1 6 1 261 91 3
1 6 1 262 91 3
1 6 1 262 91 3
1 6 1 263 91 3
1 6 1 263 91 3
1 6 1 264 91 3
1 6 1 264 91 3
1 6 1 265 91 3
1 6 1 265 91 3
1 6 1 266 91 3
1 6 1 266 91 3
1 6 1 267 91 3
1 6 1 267 91 3
1 6 1 268 91 3
1 6 1 268 91 3
1 6 1 269 91 3
1 6 1 269 91 3
1 6 1 270 91 3
1 6 1 270 91 3
1 6 1 271 91 3
1 6 1 271 91 3
1 6 1 272 91 3
1 6 1 272 91 3
1 6 1 273 91 3
1 6 1 273 91 3
1 6 1 274 91 3
1 6 1 274 91 3
1 6 1 275 91 3
1 6 1 275 91 3
1 6 1 276 91 3
1 6 1 276 91 3
1 6 1 277 91 3
1 6 1 277 91 3
1 6 1 278 91 3
1 7 0 172 23 3
1 7 0 172 23 3
1 7 0 171 23 3
1 7 0 171 23 3
1 7 0 171 24 3
1 7 0 171 24 3
1 7 0 170 24 3
1 7 0 170 24 3
1 7 0 169 24 3
1 7 0 169 24 3
1 7 0 169 25 3
1 7 0 169 25 3
1 7 0 168 25 3
1 7 0 168 25 3
1 7 0 168 26 3
1 7 0 168 26 3
1 7 0 167 26 3
1 7 0 167 26 3
1 7 0 166 26 3
1 7 0 166 26 3
1 7 0 165 26 3
1 7 0 165 26 3
1 7 0 165 27 3
1 7 0 165 27 3
1 7 0 164 27 3
1 7 0 164 27 3
1 7 0 163 27 3
1 7 0 163 27 3
1 7 0 163 28 3
1 7 0 163 28 3
1 7 0 162 28 3
1 7 0 162 28 3
1 7 0 162 29 3
1 7 0 162 29 3
1 7 0 162 30 3
1 7 0 162 30 3
1 7 0 161 30 3
1 7 0 161 30 3
1 7 0 160 30 3
1 7 0 160 30 3
1 7 0 160 31 3
1 7 0 160 31 3
1 7 0 159 31 3
1 7 0 159 31 3
1 7 0 158 31 3
1 7 0 158 31 3
1 7 0 157 31 3
1 7 0 157 31 3
1 7 0 157 32 3
1 7 0 157 32 3
1 7 0 156 32 3
1 7 0 156 32 3
1 7 0 156 33 3
1 7 0 156 33 3
1 7 0 155 33 3
1 7 0 155 33 3
1 7 0 154 33 3
1 7 0 154 33 3
1 7 0 154 34 3
1 7 0 154 34 3
1 7 0 153 34 3
1 7 0 153 34 3
1 7 0 153 35 3
1 7 0 153 35 3
1 7 0 152 35 3
1 7 0 152 35 3
1 7 0 151 35 3
1 7 0 151 35 3
1 7 0 150 35 3
1 7 0 150 35 3
1 7 0 149 35 3
1 7 0 149 35 3
1 7 0 149 36 3
1 7 0 149 36 3
1 7 0 148 36 3
1 7 0 148 36 3
1 7 0 148 37 3
1 7 0 148 37 3
1 7 0 147 37 3
1 7 0 147 37 3
1 7 0 147 38 3
1 7 0 147 38 3
1 7 0 146 38 3
1 7 0 146 38 3
1 7 0 145 38 3
1 7 0 145 38 3
1 7 0 145 39 3
1 7 0 145 39 3
1 7 0 144 39 3
1 7 0 144 39 3
1 7 0 143 39 3
1 7 0 143 39 3
1 7 0 142 39 3
1 7 0 142 39 3
1 7 0 141 39 3
1 7 0 141 39 3
1 7 0 141 40 3
1 7 0 141 40 3
1 7 0 140 40 3
1 7 0 140 40 3
1 7 0 140 41 3
1 7 0 140 41 3
1 7 0 139 41 3
1 7 0 139 41 3
1 7 0 139 42 3
1 7 0 139 42 3
1 7 0 138 42 3
1 7 0 138 42 3
1 7 0 137 42 3
1 7 0 137 42 3
1 7 0 137 43 3
1 7 0 137 43 3
1 7 0 136 43 3
1 7 0 136 43 3
1 7 0 135 43 3
1 7 0 135 43 3
1 7 0 135 44 3
1 7 0 135 44 3
1 7 0 134 44 3
1 7 0 134 44 3
1 7 0 133 44 3
1 7 0 133 44 3
1 7 0 133 45 3
1 7 0 133 45 3
1 7 0 132 45 3
1 7 0 132 45 3
1 7 0 131 45 3
1 7 0 131 45 3
1 7 0 131 46 3
1 7 0 131 46 3
1 7 0 130 46 3
1 7 0 130 46 3
1 7 0 129 46 3
1 7 0 129 46 3
1 7 0 129 47 3
1 7 0 129 47 3
1 7 0 128 47 3
1 7 0 128 47 3
1 7 0 127 47 3
1 7 0 127 47 3
1 7 0 127 48 3
1 7 0 127 48 3
1 7 0 126 48 3
1 7 0 126 48 3
1 7 0 126 49 3
1 7 0 126 49 3
1 7 0 125 49 3
1 7 0 125 49 3
1 7 0 124 49 3
1 7 0 124 49 3
1 7 0 123 49 3
1 7 0 123 49 3
1 7 0 122 49 3
1 7 0 122 49 3
1 7 0 121 49 3
1 7 0 121 49 3
1 7 0 121 50 3
1 7 0 121 50 3
1 7 0 120 50 3
1 7 0 120 50 3
1 7 0 119 50 3
1 7 0 119 50 3
1 7 0 118 50 3
1 7 0 118 50 3
1 7 0 117 50 3
1 7 0 117 50 3
1 7 0 116 50 3
1 2 1 396 77 3
1 2 1 396 77 3
1 2 1 397 77 3
1 2 1 397 77 3
1 2 1 398 77 3
1 2 1 398 77 3
1 2 1 399 77 3
1 2 1 399 77 3
1 2 1 399 78 3
1 2 1 399 78 3
1 2 1 400 78 3
1 2 1 400 78 3
1 2 1 401 79 3
1 2 1 401 79 3
1 2 1 402 79 3
1 2 1 402 79 3
1 2 1 403 79 3
1 2 1 403 79 3
1 2 1 404 80 3
1 2 1 404 80 3
1 2 1 404 81 3
1 2 1 404 81 3
1 2 1 405 82 3
1 2 1 405 82 3
1 2 1 405 83 3
1 2 1 405 83 3
1 2 1 406 84 3
1 2 1 406 84 3
1 2 1 407 85 3
1 2 1 407 85 3
1 2 1 407 86 3
1 2 1 407 86 3
1 2 1 407 87 3
1 2 1 407 87 3
1 2 1 408 88 3
1 2 1 408 88 3
1 2 1 409 89 3
1 2 1 409 89 3
1 2 1 409 90 3
1 2 1 409 90 3
1 2 1 409 91 3
1 2 1 409 91 3
1 2 1 409 92 3
1 2 1 409 92 3
1 2 1 409 93 3
1 2 1 409 93 3
1 2 1 410 94 3
1 2 1 410 94 3
1 2 1 410 95 3
1 2 1 410 95 3
1 2 1 410 96 3
1 2 1 410 96 3
1 2 1 410 97 3
1 2 1 410 97 3
1 2 1 410 98 3
1 2 1 410 98 3
1 2 1 410 99 3
1 2 1 410 99 3
1 2 1 410 100 3
1 6 0 244 182 3
1 6 0 244 182 3
1 6 0 245 182 3
1 6 0 245 182 3
1 6 0 246 183 3
1 6 0 246 183 3
1 6 0 247 183 3
1 6 0 247 183 3
1 6 0 248 183 3
1 6 0 248 183 3
1 6 0 249 184 3
1 6 0 249 184 3
1 6 0 250 184 3
1 6 0 250 184 3
1 6 0 251 185 3
1 6 0 251 185 3
1 6 0 252 186 3
1 6 0 252 186 3
1 6 0 253 186 3
1 6 0 253 186 3
1 6 0 254 186 3
1 6 0 254 186 3
1 6 0 255 186 3
1 6 0 255 186 3
1 6 0 256 186 3
1 6 0 256 186 3
1 6 0 257 186 3
1 6 0 257 186 3
1 6 0 258 187 3
1 6 0 258 187 3
1 6 0 259 187 3
1 6 0 259 187 3
1 6 0 260 187 3
1 6 0 260 187 3
1 6 0 261 187 3
1 6 0 261 187 3
1 6 0 262 187 3
1 6 0 262 187 3
1 6 0 263 188 3
1 6 0 263 188 3
1 6 0 264 189 3
1 6 0 264 189 3
1 6 0 265 189 3
1 6 0 265 189 3
1 6 0 266 189 3
1 6 0 266 189 3
1 6 0 267 189 3
1 6 0 267 189 3
1 6 0 268 189 3
1 6 0 268 189 3
1 6 0 269 189 3
1 6 0 269 189 3
1 6 0 270 189 3
1 6 0 270 189 3
1 6 0 271 189 3
1 6 0 271 189 3
1 6 0 272 189 3
1 6 0 272 189 3
1 6 0 273 189 3
1 6 0 273 189 3
1 6 0 274 189 3
1 6 0 274 189 3
1 6 0 275 189 3
1 6 0 275 189 3
1 6 0 276 189 3
1 6 0 276 189 3
1 6 0 277 189 3
1 6 0 277 189 3
1 6 0 278 189 3
1 6 0 278 189 3
1 6 0 279 190 3
1 6 0 279 190 3
1 6 0 280 190 3
1 6 0 280 190 3
1 6 0 281 190 3
1 6 0 281 190 3
1 6 0 282 190 3
1 6 0 282 190 3
1 6 0 283 190 3
1 6 0 283 190 3
1 6 0 284 190 3
1 7 0 90 234 3
1 7 0 90 234 3
1 7 0 91 234 3
1 7 0 91 234 3
1 7 0 90 234 3
1 7 0 90 234 3
1 7 0 89 233 3
1 7 0 89 233 3
1 7 0 88 233 3
1 7 0 88 233 3
1 7 0 87 233 3
1 7 0 87 233 3
1 7 0 86 233 3
1 7 0 86 233 3
1 7 0 85 232 3
1 7 0 85 232 3
1 7 0 85 231 3
1 7 0 85 231 3
1 7 0 84 231 3
1 7 0 84 231 3
1 7 0 83 230 3
1 7 0 83 230 3
1 7 0 82 230 3
1 7 0 82 230 3
1 7 0 81 230 3
1 7 0 81 230 3
1 7 0 80 230 3
1 7 0 80 230 3
1 7 0 79 229 3
1 7 0 79 229 3
1 7 0 78 228 3
1 8 1 67 197 3
1 8 1 67 197 3
1 8 1 67 196 3
1 8 1 67 196 3
1 8 1 68 196 3
1 8 1 68 196 3
1 8 1 68 196 3
1 8 1 68 196 3
1 8 1 68 195 3
1 8 1 68 195 3
1 8 1 68 194 3
1 8 1 68 194 3
1 8 1 68 194 3
1 8 1 68 194 3
1 8 1 68 193 3
1 9 0 77 158 3
1 9 0 77 158 3
1 9 0 76 158 3
1 9 0 76 158 3
1 9 0 76 158 3
1 9 0 76 158 3
1 9 0 76 158 3
1 9 0 76 158 3
1 9 0 75 158 3
1 9 0 75 158 3
1 9 0 74 158 3
1 9 0 74 158 3
1 9 0 74 158 3
1 9 0 74 158 3
1 9 0 73 158 3
1 10 0 129 188 3
1 10 0 129 188 3
1 10 0 129 189 3
1 10 0 129 189 3
1 10 0 129 189 3
1 10 0 129 189 3
1 10 0 128 189 3
1 10 0 128 189 3
1 10 0 127 189 3
1 10 0 127 189 3
1 10 0 127 190 3
1 10 0 127 190 3
1 10 0 126 190 3
1 10 0 126 190 3
1 10 0 126 191 3
1 10 0 126 191 3
1 10 0 125 191 3
1 10 0 125 191 3
1 10 0 125 192 3
1 10 0 125 192 3
1 10 0 124 192 3
1 10 0 124 192 3
1 10 0 124 193 3
1 10 0 124 193 3
1 10 0 124 193 3
1 10 0 124 193 3
1 10 0 124 193 3
1 11 0 134 140 3
1 12 1 30 266 3
1 12 1 30 266 3
1 12 1 30 266 3
1 12 1 30 266 3
1 12 1 30 267 3
1 12 1 30 267 3
1 12 1 30 268 3
1 12 1 30 268 3
1 12 1 30 269 3
1 12 1 30 269 3
1 12 1 30 270 3
1 12 1 30 270 3
1 12 1 30 271 3
1 12 1 30 271 3
1 12 1 30 272 3
1 12 1 30 272 3
1 12 1 30 273 3
1 12 1 30 273 3
1 12 1 30 274 3
1 12 1 30 274 3
1 12 1 30 275 3
1 12 1 30 275 3
1 12 1 30 276 3
1 12 1 30 276 3
1 12 1 30 277 3
1 12 1 30 277 3
1 12 1 30 278 3
1 12 1 30 278 3
1 12 1 30 279 3
1 12 1 30 279 3
1 12 1 30 280 3
1 12 1 30 280 3
1 12 1 30 280 3
1 12 1 30 280 3
1 12 1 30 281 3
